surfa_______________:       0.0000000000     0.0000000000    21.8560000000
         0         3
       21.8560000000        0.0000000000        0.0000000000
        0.0000000000       21.8560000000        0.0000000000
        0.0000000000        0.0000000000       21.8560000000
CA                                                         1
      -10.4444764468      -10.4371224764      -10.4150605653
CA                                                         2
      -10.4444764468       -7.7051224764       -7.6830605653
CA                                                         3
       -7.7124764468      -10.4371224764       -7.6830605653
CA                                                         4
       -7.7124764468       -7.7051224764      -10.4150605653
CA                                                         5
      -10.4444764468      -10.4371224764       -4.9510605653
CA                                                         6
       -7.7124764468      -10.4371224764       -2.2190605653
CA                                                         7
       -7.7124764468       -7.7051224764       -4.9510605653
CA                                                         8
      -10.4444764468      -10.4371224764        0.5129394347
CA                                                         9
      -10.4444764468       -7.7051224764        3.2449394347
CA                                                        10
       -7.7124764468      -10.4371224764        3.2449394347
CA                                                        11
       -7.7124764468       -7.7051224764        0.5129394347
CA                                                        12
      -10.4444764468      -10.4371224764        5.9769394347
CA                                                        13
      -10.4444764468       -7.7051224764        8.7089394347
CA                                                        14
       -7.7124764468      -10.4371224764        8.7089394347
CA                                                        15
      -10.4444764468       -4.9731224764      -10.4150605653
CA                                                        16
      -10.4444764468       -2.2411224764       -7.6830605653
CA                                                        17
       -7.7124764468       -4.9731224764       -7.6830605653
CA                                                        18
       -7.7124764468       -2.2411224764      -10.4150605653
CA                                                        19
      -10.4444764468       -4.9731224764       -4.9510605653
CA                                                        20
      -10.4444764468       -2.2411224764       -2.2190605653
CA                                                        21
       -7.7124764468       -4.9731224764       -2.2190605653
CA                                                        22
       -7.7124764468       -2.2411224764       -4.9510605653
CA                                                        23
      -10.4444764468       -4.9731224764        0.5129394347
CA                                                        24
      -10.4444764468       -2.2411224764        3.2449394347
CA                                                        25
       -7.7124764468       -4.9731224764        3.2449394347
CA                                                        26
       -7.7124764468       -2.2411224764        0.5129394347
CA                                                        27
      -10.4444764468       -4.9731224764        5.9769394347
CA                                                        28
      -10.4444764468       -2.2411224764        8.7089394347
CA                                                        29
       -7.7124764468       -4.9731224764        8.7089394347
CA                                                        30
       -7.7124764468       -2.2411224764        5.9769394347
CA                                                        31
      -10.4444764468        0.4908775236      -10.4150605653
CA                                                        32
      -10.4444764468        3.2228775236       -7.6830605653
CA                                                        33
       -7.7124764468        0.4908775236       -7.6830605653
CA                                                        34
       -7.7124764468        3.2228775236      -10.4150605653
CA                                                        35
      -10.4444764468        0.4908775236       -4.9510605653
CA                                                        36
       -7.7124764468        0.4908775236       -2.2190605653
CA                                                        37
       -7.7124764468        3.2228775236       -4.9510605653
CA                                                        38
      -10.4444764468        0.4908775236        0.5129394347
CA                                                        39
      -10.4444764468        3.2228775236        3.2449394347
CA                                                        40
       -7.7124764468        0.4908775236        3.2449394347
CA                                                        41
       -7.7124764468        3.2228775236        0.5129394347
CA                                                        42
      -10.4444764468        0.4908775236        5.9769394347
CA                                                        43
      -10.4444764468        3.2228775236        8.7089394347
CA                                                        44
       -7.7124764468        0.4908775236        8.7089394347
CA                                                        45
      -10.4444764468        5.9548775236      -10.4150605653
CA                                                        46
      -10.4444764468        8.6868775236       -7.6830605653
CA                                                        47
       -7.7124764468        5.9548775236       -7.6830605653
CA                                                        48
       -7.7124764468        8.6868775236      -10.4150605653
CA                                                        49
      -10.4444764468        8.6868775236       -2.2190605653
CA                                                        50
       -7.7124764468        5.9548775236       -2.2190605653
CA                                                        51
       -7.7124764468        8.6868775236       -4.9510605653
CA                                                        52
      -10.4444764468        5.9548775236        0.5129394347
CA                                                        53
      -10.4444764468        8.6868775236        3.2449394347
CA                                                        54
       -7.7124764468        8.6868775236        0.5129394347
CA                                                        55
      -10.4444764468        5.9548775236        5.9769394347
CA                                                        56
      -10.4444764468        8.6868775236        8.7089394347
CA                                                        57
       -7.7124764468        5.9548775236        8.7089394347
CA                                                        58
       -7.7124764468        8.6868775236        5.9769394347
CA                                                        59
       -4.9804764468      -10.4371224764      -10.4150605653
CA                                                        60
       -4.9804764468       -7.7051224764       -7.6830605653
CA                                                        61
       -2.2484764468      -10.4371224764       -7.6830605653
CA                                                        62
       -2.2484764468       -7.7051224764      -10.4150605653
CA                                                        63
       -4.9804764468      -10.4371224764       -4.9510605653
CA                                                        64
       -2.2484764468      -10.4371224764       -2.2190605653
CA                                                        65
       -2.2484764468       -7.7051224764       -4.9510605653
CA                                                        66
       -4.9804764468      -10.4371224764        0.5129394347
CA                                                        67
       -4.9804764468       -7.7051224764        3.2449394347
CA                                                        68
       -2.2484764468      -10.4371224764        3.2449394347
CA                                                        69
       -2.2484764468       -7.7051224764        0.5129394347
CA                                                        70
       -4.9804764468      -10.4371224764        5.9769394347
CA                                                        71
       -4.9804764468       -7.7051224764        8.7089394347
CA                                                        72
       -2.2484764468      -10.4371224764        8.7089394347
CA                                                        73
       -2.2484764468       -7.7051224764        5.9769394347
CA                                                        74
       -4.9804764468       -4.9731224764      -10.4150605653
CA                                                        75
       -4.9804764468       -2.2411224764       -7.6830605653
CA                                                        76
       -2.2484764468       -4.9731224764       -7.6830605653
CA                                                        77
       -2.2484764468       -2.2411224764      -10.4150605653
CA                                                        78
       -4.9804764468       -4.9731224764       -4.9510605653
CA                                                        79
       -4.9804764468       -2.2411224764       -2.2190605653
CA                                                        80
       -2.2484764468       -4.9731224764       -2.2190605653
CA                                                        81
       -2.2484764468       -2.2411224764       -4.9510605653
CA                                                        82
       -4.9804764468       -4.9731224764        0.5129394347
CA                                                        83
       -4.9804764468       -2.2411224764        3.2449394347
CA                                                        84
       -2.2484764468       -4.9731224764        3.2449394347
CA                                                        85
       -2.2484764468       -2.2411224764        0.5129394347
CA                                                        86
       -4.9804764468       -4.9731224764        5.9769394347
CA                                                        87
       -4.9804764468       -2.2411224764        8.7089394347
CA                                                        88
       -2.2484764468       -4.9731224764        8.7089394347
CA                                                        89
       -2.2484764468       -2.2411224764        5.9769394347
CA                                                        90
       -4.9804764468        0.4908775236      -10.4150605653
CA                                                        91
       -4.9804764468        3.2228775236       -7.6830605653
CA                                                        92
       -2.2484764468        0.4908775236       -7.6830605653
CA                                                        93
       -2.2484764468        3.2228775236      -10.4150605653
CA                                                        94
       -4.9804764468        0.4908775236       -4.9510605653
CA                                                        95
       -4.9804764468        3.2228775236       -2.2190605653
CA                                                        96
       -2.2484764468        0.4908775236       -2.2190605653
CA                                                        97
       -2.2484764468        3.2228775236       -4.9510605653
CA                                                        98
       -4.9804764468        0.4908775236        0.5129394347
CA                                                        99
       -4.9804764468        3.2228775236        3.2449394347
CA                                                       100
       -2.2484764468        0.4908775236        3.2449394347
CA                                                       101
       -2.2484764468        3.2228775236        0.5129394347
CA                                                       102
       -4.9804764468        3.2228775236        8.7089394347
CA                                                       103
       -2.2484764468        0.4908775236        8.7089394347
CA                                                       104
       -2.2484764468        3.2228775236        5.9769394347
CA                                                       105
       -4.9804764468        5.9548775236      -10.4150605653
CA                                                       106
       -4.9804764468        8.6868775236       -7.6830605653
CA                                                       107
       -2.2484764468        5.9548775236       -7.6830605653
CA                                                       108
       -2.2484764468        8.6868775236      -10.4150605653
CA                                                       109
       -4.9804764468        8.6868775236       -2.2190605653
CA                                                       110
       -2.2484764468        5.9548775236       -2.2190605653
CA                                                       111
       -2.2484764468        8.6868775236       -4.9510605653
CA                                                       112
       -4.9804764468        5.9548775236        0.5129394347
CA                                                       113
       -4.9804764468        8.6868775236        3.2449394347
CA                                                       114
       -2.2484764468        5.9548775236        3.2449394347
CA                                                       115
       -4.9804764468        5.9548775236        5.9769394347
CA                                                       116
       -4.9804764468        8.6868775236        8.7089394347
CA                                                       117
       -2.2484764468        5.9548775236        8.7089394347
CA                                                       118
       -2.2484764468        8.6868775236        5.9769394347
CA                                                       119
        0.4835235532       -7.7051224764       -7.6830605653
CA                                                       120
        3.2155235532      -10.4371224764       -7.6830605653
CA                                                       121
        0.4835235532      -10.4371224764       -4.9510605653
CA                                                       122
        0.4835235532       -7.7051224764       -2.2190605653
CA                                                       123
        3.2155235532      -10.4371224764       -2.2190605653
CA                                                       124
        0.4835235532      -10.4371224764        0.5129394347
CA                                                       125
        0.4835235532       -7.7051224764        3.2449394347
CA                                                       126
        3.2155235532      -10.4371224764        3.2449394347
CA                                                       127
        3.2155235532       -7.7051224764        0.5129394347
CA                                                       128
        0.4835235532      -10.4371224764        5.9769394347
CA                                                       129
        0.4835235532       -7.7051224764        8.7089394347
CA                                                       130
        3.2155235532      -10.4371224764        8.7089394347
CA                                                       131
        3.2155235532       -7.7051224764        5.9769394347
CA                                                       132
        0.4835235532       -4.9731224764      -10.4150605653
CA                                                       133
        0.4835235532       -2.2411224764       -7.6830605653
CA                                                       134
        3.2155235532       -4.9731224764       -7.6830605653
CA                                                       135
        3.2155235532       -2.2411224764      -10.4150605653
CA                                                       136
        0.4835235532       -4.9731224764       -4.9510605653
CA                                                       137
        3.2155235532       -4.9731224764       -2.2190605653
CA                                                       138
        3.2155235532       -2.2411224764       -4.9510605653
CA                                                       139
        0.4835235532       -4.9731224764        0.5129394347
CA                                                       140
        0.4835235532       -2.2411224764        3.2449394347
CA                                                       141
        3.2155235532       -4.9731224764        3.2449394347
CA                                                       142
        3.2155235532       -2.2411224764        0.5129394347
CA                                                       143
        0.4835235532       -4.9731224764        5.9769394347
CA                                                       144
        0.4835235532       -2.2411224764        8.7089394347
CA                                                       145
        3.2155235532       -4.9731224764        8.7089394347
CA                                                       146
        3.2155235532       -2.2411224764        5.9769394347
CA                                                       147
        0.4835235532        0.4908775236      -10.4150605653
CA                                                       148
        0.4835235532        3.2228775236       -7.6830605653
CA                                                       149
        3.2155235532        3.2228775236      -10.4150605653
CA                                                       150
        0.4835235532        0.4908775236       -4.9510605653
CA                                                       151
        0.4835235532        3.2228775236       -2.2190605653
CA                                                       152
        3.2155235532        0.4908775236       -2.2190605653
CA                                                       153
        3.2155235532        3.2228775236       -4.9510605653
CA                                                       154
        0.4835235532        0.4908775236        0.5129394347
CA                                                       155
        0.4835235532        3.2228775236        3.2449394347
CA                                                       156
        3.2155235532        0.4908775236        3.2449394347
CA                                                       157
        3.2155235532        3.2228775236        0.5129394347
CA                                                       158
        0.4835235532        0.4908775236        5.9769394347
CA                                                       159
        0.4835235532        3.2228775236        8.7089394347
CA                                                       160
        3.2155235532        0.4908775236        8.7089394347
CA                                                       161
        0.4835235532        5.9548775236      -10.4150605653
CA                                                       162
        0.4835235532        8.6868775236       -7.6830605653
CA                                                       163
        3.2155235532        5.9548775236       -7.6830605653
CA                                                       164
        3.2155235532        8.6868775236      -10.4150605653
CA                                                       165
        0.4835235532        5.9548775236       -4.9510605653
CA                                                       166
        0.4835235532        8.6868775236       -2.2190605653
CA                                                       167
        3.2155235532        5.9548775236       -2.2190605653
CA                                                       168
        3.2155235532        8.6868775236       -4.9510605653
CA                                                       169
        0.4835235532        5.9548775236        0.5129394347
CA                                                       170
        0.4835235532        8.6868775236        3.2449394347
CA                                                       171
        3.2155235532        5.9548775236        3.2449394347
CA                                                       172
        3.2155235532        8.6868775236        0.5129394347
CA                                                       173
        0.4835235532        5.9548775236        5.9769394347
CA                                                       174
        0.4835235532        8.6868775236        8.7089394347
CA                                                       175
        3.2155235532        5.9548775236        8.7089394347
CA                                                       176
        3.2155235532        8.6868775236        5.9769394347
CA                                                       177
        5.9475235532      -10.4371224764      -10.4150605653
CA                                                       178
        5.9475235532       -7.7051224764       -7.6830605653
CA                                                       179
        8.6795235532      -10.4371224764       -7.6830605653
CA                                                       180
        8.6795235532       -7.7051224764      -10.4150605653
CA                                                       181
        5.9475235532      -10.4371224764       -4.9510605653
CA                                                       182
        5.9475235532       -7.7051224764       -2.2190605653
CA                                                       183
        8.6795235532      -10.4371224764       -2.2190605653
CA                                                       184
        8.6795235532       -7.7051224764       -4.9510605653
CA                                                       185
        5.9475235532       -7.7051224764        3.2449394347
CA                                                       186
        8.6795235532      -10.4371224764        3.2449394347
CA                                                       187
        8.6795235532       -7.7051224764        0.5129394347
CA                                                       188
        5.9475235532      -10.4371224764        5.9769394347
CA                                                       189
        5.9475235532       -7.7051224764        8.7089394347
CA                                                       190
        8.6795235532      -10.4371224764        8.7089394347
CA                                                       191
        8.6795235532       -7.7051224764        5.9769394347
CA                                                       192
        5.9475235532       -4.9731224764      -10.4150605653
CA                                                       193
        5.9475235532       -2.2411224764       -7.6830605653
CA                                                       194
        8.6795235532       -4.9731224764       -7.6830605653
CA                                                       195
        8.6795235532       -2.2411224764      -10.4150605653
CA                                                       196
        5.9475235532       -4.9731224764       -4.9510605653
CA                                                       197
        5.9475235532       -2.2411224764       -2.2190605653
CA                                                       198
        8.6795235532       -4.9731224764       -2.2190605653
CA                                                       199
        8.6795235532       -2.2411224764       -4.9510605653
CA                                                       200
        5.9475235532       -4.9731224764        0.5129394347
CA                                                       201
        5.9475235532       -2.2411224764        3.2449394347
CA                                                       202
        8.6795235532       -4.9731224764        3.2449394347
CA                                                       203
        5.9475235532       -4.9731224764        5.9769394347
CA                                                       204
        5.9475235532       -2.2411224764        8.7089394347
CA                                                       205
        8.6795235532       -4.9731224764        8.7089394347
CA                                                       206
        5.9475235532        0.4908775236      -10.4150605653
CA                                                       207
        5.9475235532        3.2228775236       -7.6830605653
CA                                                       208
        8.6795235532        0.4908775236       -7.6830605653
CA                                                       209
        8.6795235532        3.2228775236      -10.4150605653
CA                                                       210
        5.9475235532        0.4908775236       -4.9510605653
CA                                                       211
        5.9475235532        3.2228775236       -2.2190605653
CA                                                       212
        8.6795235532        0.4908775236       -2.2190605653
CA                                                       213
        8.6795235532        3.2228775236       -4.9510605653
CA                                                       214
        5.9475235532        0.4908775236        0.5129394347
CA                                                       215
        5.9475235532        3.2228775236        3.2449394347
CA                                                       216
        8.6795235532        0.4908775236        3.2449394347
CA                                                       217
        5.9475235532        0.4908775236        5.9769394347
CA                                                       218
        5.9475235532        3.2228775236        8.7089394347
CA                                                       219
        8.6795235532        0.4908775236        8.7089394347
CA                                                       220
        8.6795235532        3.2228775236        5.9769394347
CA                                                       221
        5.9475235532        8.6868775236       -7.6830605653
CA                                                       222
        8.6795235532        8.6868775236      -10.4150605653
CA                                                       223
        5.9475235532        5.9548775236       -4.9510605653
CA                                                       224
        5.9475235532        8.6868775236       -2.2190605653
CA                                                       225
        8.6795235532        8.6868775236       -4.9510605653
CA                                                       226
        5.9475235532        5.9548775236        0.5129394347
CA                                                       227
        5.9475235532        8.6868775236        3.2449394347
CA                                                       228
        8.6795235532        5.9548775236        3.2449394347
CA                                                       229
        8.6795235532        8.6868775236        0.5129394347
CA                                                       230
        5.9475235532        5.9548775236        5.9769394347
CA                                                       231
        5.9475235532        8.6868775236        8.7089394347
K                                                        232
        3.2155235532       -7.7051224764       -4.9510605653
K                                                        233
        0.4835235532       -2.2411224764       -2.2190605653
K                                                        234
       -2.2484764468        8.6868775236        0.5129394347
K                                                        235
       -7.7124764468        5.9548775236        3.2449394347
K                                                        236
        8.6795235532        3.2228775236        0.5129394347
K                                                        237
       -7.7124764468       -7.7051224764        5.9769394347
K                                                        238
        5.9475235532      -10.4371224764        0.5129394347
K                                                        239
       -4.9804764468        5.9548775236       -4.9510605653
K                                                        240
        8.6795235532       -2.2411224764        0.5129394347
K                                                        241
        5.9475235532        5.9548775236      -10.4150605653
K                                                        242
       -4.9804764468        0.4908775236        5.9769394347
K                                                        243
        8.6795235532        5.9548775236       -7.6830605653
K                                                        244
        0.4835235532      -10.4371224764      -10.4150605653
K                                                        245
      -10.4444764468       -7.7051224764       -2.2190605653
K                                                        246
        8.6795235532       -2.2411224764        5.9769394347
K                                                        247
        8.6795235532        5.9548775236       -2.2190605653
K                                                        248
      -10.4444764468        3.2228775236       -2.2190605653
K                                                        249
        3.2155235532       -7.7051224764      -10.4150605653
K                                                        250
       -7.7124764468        3.2228775236        5.9769394347
K                                                        251
        3.2155235532        3.2228775236        5.9769394347
K                                                        252
       -4.9804764468       -7.7051224764       -2.2190605653
K                                                        253
      -10.4444764468        5.9548775236       -4.9510605653
K                                                        254
        3.2155235532        0.4908775236       -7.6830605653
K                                                        255
        8.6795235532        5.9548775236        8.7089394347
K                                                        256
        8.6795235532        8.6868775236        5.9769394347
F                                                        257
       -9.0784764468       -9.0711224764       -9.0490605653
F                                                        258
       -6.3464764468       -6.3391224764       -9.0490605653
F                                                        259
       -6.3464764468       -9.0711224764       -6.3170605653
F                                                        260
       -9.0784764468       -9.0711224764       -6.3170605653
F                                                        261
       -6.3464764468       -6.3391224764       -6.3170605653
F                                                        262
       -9.0784764468       -6.3391224764       -6.3170605653
F                                                        263
       -6.3464764468       -9.0711224764       -9.0490605653
F                                                        264
       -9.0784764468       -6.3391224764       -9.0490605653
F                                                        265
       -9.0784764468       -9.0711224764       -3.5850605653
F                                                        266
       -6.3464764468       -6.3391224764       -3.5850605653
F                                                        267
       -6.3464764468       -9.0711224764       -0.8530605653
F                                                        268
       -6.3464764468       -6.3391224764       -0.8530605653
F                                                        269
       -9.0784764468       -6.3391224764       -0.8530605653
F                                                        270
       -6.3464764468       -9.0711224764       -3.5850605653
F                                                        271
       -9.0784764468       -6.3391224764       -3.5850605653
F                                                        272
       -9.0784764468       -9.0711224764        1.8789394347
F                                                        273
       -6.3464764468       -6.3391224764        1.8789394347
F                                                        274
       -6.3464764468       -9.0711224764        4.6109394347
F                                                        275
       -9.0784764468       -9.0711224764        4.6109394347
F                                                        276
       -6.3464764468       -6.3391224764        4.6109394347
F                                                        277
       -9.0784764468       -6.3391224764        4.6109394347
F                                                        278
       -6.3464764468       -9.0711224764        1.8789394347
F                                                        279
       -9.0784764468       -6.3391224764        1.8789394347
F                                                        280
       -9.0784764468       -9.0711224764        7.3429394347
F                                                        281
       -6.3464764468       -6.3391224764        7.3429394347
F                                                        282
       -6.3464764468       -9.0711224764       10.0749394347
F                                                        283
       -9.0784764468       -9.0711224764       10.0749394347
F                                                        284
       -6.3464764468       -6.3391224764       10.0749394347
F                                                        285
       -9.0784764468       -6.3391224764       10.0749394347
F                                                        286
       -9.0784764468       -6.3391224764        7.3429394347
F                                                        287
       -9.0784764468       -3.6071224764       -9.0490605653
F                                                        288
       -6.3464764468       -0.8751224764       -9.0490605653
F                                                        289
       -6.3464764468       -3.6071224764       -6.3170605653
F                                                        290
       -9.0784764468       -3.6071224764       -6.3170605653
F                                                        291
       -6.3464764468       -0.8751224764       -6.3170605653
F                                                        292
       -9.0784764468       -0.8751224764       -6.3170605653
F                                                        293
       -6.3464764468       -3.6071224764       -9.0490605653
F                                                        294
       -9.0784764468       -0.8751224764       -9.0490605653
F                                                        295
       -9.0784764468       -3.6071224764       -3.5850605653
F                                                        296
       -6.3464764468       -0.8751224764       -3.5850605653
F                                                        297
       -6.3464764468       -3.6071224764       -0.8530605653
F                                                        298
       -9.0784764468       -3.6071224764       -0.8530605653
F                                                        299
       -6.3464764468       -0.8751224764       -0.8530605653
F                                                        300
       -9.0784764468       -0.8751224764       -0.8530605653
F                                                        301
       -6.3464764468       -3.6071224764       -3.5850605653
F                                                        302
       -9.0784764468       -0.8751224764       -3.5850605653
F                                                        303
       -9.0784764468       -3.6071224764        1.8789394347
F                                                        304
       -6.3464764468       -0.8751224764        1.8789394347
F                                                        305
       -9.0784764468       -3.6071224764        4.6109394347
F                                                        306
       -6.3464764468       -0.8751224764        4.6109394347
F                                                        307
       -9.0784764468       -0.8751224764        4.6109394347
F                                                        308
       -6.3464764468       -3.6071224764        1.8789394347
F                                                        309
       -9.0784764468       -0.8751224764        1.8789394347
F                                                        310
       -9.0784764468       -3.6071224764        7.3429394347
F                                                        311
       -6.3464764468       -0.8751224764        7.3429394347
F                                                        312
       -6.3464764468       -3.6071224764       10.0749394347
F                                                        313
       -9.0784764468       -3.6071224764       10.0749394347
F                                                        314
       -9.0784764468       -0.8751224764       10.0749394347
F                                                        315
       -6.3464764468       -3.6071224764        7.3429394347
F                                                        316
       -9.0784764468       -0.8751224764        7.3429394347
F                                                        317
       -9.0784764468        1.8568775236       -9.0490605653
F                                                        318
       -6.3464764468        1.8568775236       -6.3170605653
F                                                        319
       -9.0784764468        1.8568775236       -6.3170605653
F                                                        320
       -6.3464764468        4.5888775236       -6.3170605653
F                                                        321
       -9.0784764468        4.5888775236       -6.3170605653
F                                                        322
       -6.3464764468        1.8568775236       -9.0490605653
F                                                        323
       -9.0784764468        4.5888775236       -9.0490605653
F                                                        324
       -9.0784764468        1.8568775236       -3.5850605653
F                                                        325
       -6.3464764468        4.5888775236       -3.5850605653
F                                                        326
       -6.3464764468        1.8568775236       -0.8530605653
F                                                        327
       -9.0784764468        1.8568775236       -0.8530605653
F                                                        328
       -9.0784764468        4.5888775236       -0.8530605653
F                                                        329
       -6.3464764468        1.8568775236       -3.5850605653
F                                                        330
       -9.0784764468        4.5888775236       -3.5850605653
F                                                        331
       -9.0784764468        1.8568775236        1.8789394347
F                                                        332
       -6.3464764468        1.8568775236        4.6109394347
F                                                        333
       -9.0784764468        1.8568775236        4.6109394347
F                                                        334
       -6.3464764468        4.5888775236        4.6109394347
F                                                        335
       -9.0784764468        4.5888775236        4.6109394347
F                                                        336
       -6.3464764468        1.8568775236        1.8789394347
F                                                        337
       -9.0784764468        4.5888775236        1.8789394347
F                                                        338
       -9.0784764468        1.8568775236        7.3429394347
F                                                        339
       -6.3464764468        4.5888775236        7.3429394347
F                                                        340
       -6.3464764468        1.8568775236       10.0749394347
F                                                        341
       -9.0784764468        1.8568775236       10.0749394347
F                                                        342
       -6.3464764468        4.5888775236       10.0749394347
F                                                        343
       -9.0784764468        4.5888775236       10.0749394347
F                                                        344
       -6.3464764468        1.8568775236        7.3429394347
F                                                        345
       -9.0784764468        4.5888775236        7.3429394347
F                                                        346
       -9.0784764468        7.3208775236       -9.0490605653
F                                                        347
       -6.3464764468       10.0528775236       -9.0490605653
F                                                        348
       -6.3464764468        7.3208775236       -6.3170605653
F                                                        349
       -9.0784764468        7.3208775236       -6.3170605653
F                                                        350
       -6.3464764468       10.0528775236       -6.3170605653
F                                                        351
       -9.0784764468       10.0528775236       -6.3170605653
F                                                        352
       -6.3464764468        7.3208775236       -9.0490605653
F                                                        353
       -9.0784764468       10.0528775236       -9.0490605653
F                                                        354
       -9.0784764468        7.3208775236       -3.5850605653
F                                                        355
       -6.3464764468       10.0528775236       -3.5850605653
F                                                        356
       -6.3464764468        7.3208775236       -0.8530605653
F                                                        357
       -9.0784764468        7.3208775236       -0.8530605653
F                                                        358
       -6.3464764468       10.0528775236       -0.8530605653
F                                                        359
       -9.0784764468       10.0528775236       -0.8530605653
F                                                        360
       -6.3464764468        7.3208775236       -3.5850605653
F                                                        361
       -9.0784764468       10.0528775236       -3.5850605653
F                                                        362
       -9.0784764468        7.3208775236        1.8789394347
F                                                        363
       -6.3464764468       10.0528775236        1.8789394347
F                                                        364
       -6.3464764468        7.3208775236        4.6109394347
F                                                        365
       -9.0784764468        7.3208775236        4.6109394347
F                                                        366
       -6.3464764468       10.0528775236        4.6109394347
F                                                        367
       -9.0784764468       10.0528775236        4.6109394347
F                                                        368
       -6.3464764468        7.3208775236        1.8789394347
F                                                        369
       -9.0784764468        7.3208775236        7.3429394347
F                                                        370
       -6.3464764468       10.0528775236        7.3429394347
F                                                        371
       -6.3464764468        7.3208775236       10.0749394347
F                                                        372
       -9.0784764468        7.3208775236       10.0749394347
F                                                        373
       -6.3464764468       10.0528775236       10.0749394347
F                                                        374
       -6.3464764468        7.3208775236        7.3429394347
F                                                        375
       -9.0784764468       10.0528775236        7.3429394347
F                                                        376
       -3.6144764468       -9.0711224764       -9.0490605653
F                                                        377
       -0.8824764468       -6.3391224764       -9.0490605653
F                                                        378
       -0.8824764468       -9.0711224764       -6.3170605653
F                                                        379
       -3.6144764468       -9.0711224764       -6.3170605653
F                                                        380
       -0.8824764468       -6.3391224764       -6.3170605653
F                                                        381
       -3.6144764468       -6.3391224764       -6.3170605653
F                                                        382
       -0.8824764468       -9.0711224764       -9.0490605653
F                                                        383
       -3.6144764468       -6.3391224764       -9.0490605653
F                                                        384
       -3.6144764468       -9.0711224764       -3.5850605653
F                                                        385
       -0.8824764468       -6.3391224764       -3.5850605653
F                                                        386
       -0.8824764468       -9.0711224764       -0.8530605653
F                                                        387
       -3.6144764468       -9.0711224764       -0.8530605653
F                                                        388
       -0.8824764468       -6.3391224764       -0.8530605653
F                                                        389
       -3.6144764468       -6.3391224764       -0.8530605653
F                                                        390
       -0.8824764468       -9.0711224764       -3.5850605653
F                                                        391
       -3.6144764468       -6.3391224764       -3.5850605653
F                                                        392
       -3.6144764468       -9.0711224764        1.8789394347
F                                                        393
       -0.8824764468       -6.3391224764        1.8789394347
F                                                        394
       -0.8824764468       -9.0711224764        4.6109394347
F                                                        395
       -3.6144764468       -9.0711224764        4.6109394347
F                                                        396
       -0.8824764468       -6.3391224764        4.6109394347
F                                                        397
       -3.6144764468       -6.3391224764        4.6109394347
F                                                        398
       -0.8824764468       -9.0711224764        1.8789394347
F                                                        399
       -3.6144764468       -6.3391224764        1.8789394347
F                                                        400
       -3.6144764468       -9.0711224764        7.3429394347
F                                                        401
       -0.8824764468       -6.3391224764        7.3429394347
F                                                        402
       -0.8824764468       -9.0711224764       10.0749394347
F                                                        403
       -3.6144764468       -9.0711224764       10.0749394347
F                                                        404
       -0.8824764468       -6.3391224764       10.0749394347
F                                                        405
       -3.6144764468       -6.3391224764       10.0749394347
F                                                        406
       -0.8824764468       -9.0711224764        7.3429394347
F                                                        407
       -3.6144764468       -6.3391224764        7.3429394347
F                                                        408
       -3.6144764468       -3.6071224764       -9.0490605653
F                                                        409
       -0.8824764468       -0.8751224764       -9.0490605653
F                                                        410
       -0.8824764468       -3.6071224764       -6.3170605653
F                                                        411
       -3.6144764468       -3.6071224764       -6.3170605653
F                                                        412
       -0.8824764468       -0.8751224764       -6.3170605653
F                                                        413
       -3.6144764468       -0.8751224764       -6.3170605653
F                                                        414
       -0.8824764468       -3.6071224764       -9.0490605653
F                                                        415
       -3.6144764468       -0.8751224764       -9.0490605653
F                                                        416
       -3.6144764468       -3.6071224764       -3.5850605653
F                                                        417
       -0.8824764468       -0.8751224764       -3.5850605653
F                                                        418
       -0.8824764468       -3.6071224764       -0.8530605653
F                                                        419
       -3.6144764468       -3.6071224764       -0.8530605653
F                                                        420
       -0.8824764468       -0.8751224764       -0.8530605653
F                                                        421
       -3.6144764468       -0.8751224764       -0.8530605653
F                                                        422
       -0.8824764468       -3.6071224764       -3.5850605653
F                                                        423
       -3.6144764468       -0.8751224764       -3.5850605653
F                                                        424
       -3.6144764468       -3.6071224764        1.8789394347
F                                                        425
       -0.8824764468       -0.8751224764        1.8789394347
F                                                        426
       -0.8824764468       -3.6071224764        4.6109394347
F                                                        427
       -3.6144764468       -3.6071224764        4.6109394347
F                                                        428
       -0.8824764468       -0.8751224764        4.6109394347
F                                                        429
       -3.6144764468       -0.8751224764        4.6109394347
F                                                        430
       -0.8824764468       -3.6071224764        1.8789394347
F                                                        431
       -3.6144764468       -0.8751224764        1.8789394347
F                                                        432
       -3.6144764468       -3.6071224764        7.3429394347
F                                                        433
       -0.8824764468       -3.6071224764       10.0749394347
F                                                        434
       -3.6144764468       -3.6071224764       10.0749394347
F                                                        435
       -0.8824764468       -0.8751224764       10.0749394347
F                                                        436
       -3.6144764468       -0.8751224764       10.0749394347
F                                                        437
       -3.6144764468       -0.8751224764        7.3429394347
F                                                        438
       -3.6144764468        1.8568775236       -9.0490605653
F                                                        439
       -0.8824764468        4.5888775236       -9.0490605653
F                                                        440
       -0.8824764468        1.8568775236       -6.3170605653
F                                                        441
       -3.6144764468        1.8568775236       -6.3170605653
F                                                        442
       -0.8824764468        4.5888775236       -6.3170605653
F                                                        443
       -0.8824764468        1.8568775236       -9.0490605653
F                                                        444
       -3.6144764468        4.5888775236       -9.0490605653
F                                                        445
       -3.6144764468        1.8568775236       -3.5850605653
F                                                        446
       -0.8824764468        4.5888775236       -3.5850605653
F                                                        447
       -0.8824764468        1.8568775236       -0.8530605653
F                                                        448
       -3.6144764468        1.8568775236       -0.8530605653
F                                                        449
       -0.8824764468        4.5888775236       -0.8530605653
F                                                        450
       -3.6144764468        4.5888775236       -0.8530605653
F                                                        451
       -0.8824764468        1.8568775236       -3.5850605653
F                                                        452
       -3.6144764468        4.5888775236       -3.5850605653
F                                                        453
       -3.6144764468        1.8568775236        1.8789394347
F                                                        454
       -0.8824764468        4.5888775236        1.8789394347
F                                                        455
       -0.8824764468        1.8568775236        4.6109394347
F                                                        456
       -3.6144764468        1.8568775236        4.6109394347
F                                                        457
       -0.8824764468        4.5888775236        4.6109394347
F                                                        458
       -3.6144764468        4.5888775236        4.6109394347
F                                                        459
       -0.8824764468        1.8568775236        1.8789394347
F                                                        460
       -3.6144764468        4.5888775236        1.8789394347
F                                                        461
       -3.6144764468        1.8568775236        7.3429394347
F                                                        462
       -0.8824764468        4.5888775236        7.3429394347
F                                                        463
       -0.8824764468        1.8568775236       10.0749394347
F                                                        464
       -3.6144764468        1.8568775236       10.0749394347
F                                                        465
       -0.8824764468        4.5888775236       10.0749394347
F                                                        466
       -3.6144764468        4.5888775236       10.0749394347
F                                                        467
       -0.8824764468        1.8568775236        7.3429394347
F                                                        468
       -3.6144764468        4.5888775236        7.3429394347
F                                                        469
       -3.6144764468        7.3208775236       -9.0490605653
F                                                        470
       -0.8824764468       10.0528775236       -9.0490605653
F                                                        471
       -0.8824764468        7.3208775236       -6.3170605653
F                                                        472
       -3.6144764468        7.3208775236       -6.3170605653
F                                                        473
       -0.8824764468       10.0528775236       -6.3170605653
F                                                        474
       -3.6144764468       10.0528775236       -6.3170605653
F                                                        475
       -0.8824764468        7.3208775236       -9.0490605653
F                                                        476
       -3.6144764468       10.0528775236       -9.0490605653
F                                                        477
       -3.6144764468        7.3208775236       -3.5850605653
F                                                        478
       -0.8824764468       10.0528775236       -3.5850605653
F                                                        479
       -0.8824764468        7.3208775236       -0.8530605653
F                                                        480
       -3.6144764468        7.3208775236       -0.8530605653
F                                                        481
       -0.8824764468       10.0528775236       -0.8530605653
F                                                        482
       -3.6144764468       10.0528775236       -0.8530605653
F                                                        483
       -0.8824764468        7.3208775236       -3.5850605653
F                                                        484
       -3.6144764468       10.0528775236       -3.5850605653
F                                                        485
       -3.6144764468        7.3208775236        1.8789394347
F                                                        486
       -0.8824764468       10.0528775236        1.8789394347
F                                                        487
       -0.8824764468        7.3208775236        4.6109394347
F                                                        488
       -3.6144764468        7.3208775236        4.6109394347
F                                                        489
       -0.8824764468       10.0528775236        4.6109394347
F                                                        490
       -3.6144764468       10.0528775236        4.6109394347
F                                                        491
       -0.8824764468        7.3208775236        1.8789394347
F                                                        492
       -3.6144764468       10.0528775236        1.8789394347
F                                                        493
       -3.6144764468        7.3208775236        7.3429394347
F                                                        494
       -0.8824764468       10.0528775236        7.3429394347
F                                                        495
       -0.8824764468        7.3208775236       10.0749394347
F                                                        496
       -3.6144764468        7.3208775236       10.0749394347
F                                                        497
       -0.8824764468       10.0528775236       10.0749394347
F                                                        498
       -3.6144764468       10.0528775236       10.0749394347
F                                                        499
       -0.8824764468        7.3208775236        7.3429394347
F                                                        500
       -3.6144764468       10.0528775236        7.3429394347
F                                                        501
        1.8495235532       -9.0711224764       -9.0490605653
F                                                        502
        4.5815235532       -6.3391224764       -9.0490605653
F                                                        503
        4.5815235532       -9.0711224764       -6.3170605653
F                                                        504
        1.8495235532       -9.0711224764       -6.3170605653
F                                                        505
        4.5815235532       -6.3391224764       -6.3170605653
F                                                        506
        1.8495235532       -6.3391224764       -6.3170605653
F                                                        507
        4.5815235532       -9.0711224764       -9.0490605653
F                                                        508
        1.8495235532       -6.3391224764       -9.0490605653
F                                                        509
        1.8495235532       -9.0711224764       -3.5850605653
F                                                        510
        4.5815235532       -6.3391224764       -3.5850605653
F                                                        511
        4.5815235532       -9.0711224764       -0.8530605653
F                                                        512
        1.8495235532       -9.0711224764       -0.8530605653
F                                                        513
        4.5815235532       -6.3391224764       -0.8530605653
F                                                        514
        1.8495235532       -6.3391224764       -0.8530605653
F                                                        515
        4.5815235532       -9.0711224764       -3.5850605653
F                                                        516
        1.8495235532       -6.3391224764       -3.5850605653
F                                                        517
        4.5815235532       -6.3391224764        1.8789394347
F                                                        518
        4.5815235532       -9.0711224764        4.6109394347
F                                                        519
        1.8495235532       -9.0711224764        4.6109394347
F                                                        520
        4.5815235532       -6.3391224764        4.6109394347
F                                                        521
        1.8495235532       -6.3391224764        4.6109394347
F                                                        522
        4.5815235532       -9.0711224764        1.8789394347
F                                                        523
        1.8495235532       -6.3391224764        1.8789394347
F                                                        524
        1.8495235532       -9.0711224764        7.3429394347
F                                                        525
        4.5815235532       -6.3391224764        7.3429394347
F                                                        526
        4.5815235532       -9.0711224764       10.0749394347
F                                                        527
        1.8495235532       -9.0711224764       10.0749394347
F                                                        528
        4.5815235532       -6.3391224764       10.0749394347
F                                                        529
        1.8495235532       -6.3391224764       10.0749394347
F                                                        530
        4.5815235532       -9.0711224764        7.3429394347
F                                                        531
        1.8495235532       -6.3391224764        7.3429394347
F                                                        532
        1.8495235532       -3.6071224764       -9.0490605653
F                                                        533
        4.5815235532       -0.8751224764       -9.0490605653
F                                                        534
        4.5815235532       -3.6071224764       -6.3170605653
F                                                        535
        1.8495235532       -3.6071224764       -6.3170605653
F                                                        536
        4.5815235532       -0.8751224764       -6.3170605653
F                                                        537
        1.8495235532       -0.8751224764       -6.3170605653
F                                                        538
        4.5815235532       -3.6071224764       -9.0490605653
F                                                        539
        1.8495235532       -0.8751224764       -9.0490605653
F                                                        540
        1.8495235532       -3.6071224764       -3.5850605653
F                                                        541
        4.5815235532       -0.8751224764       -3.5850605653
F                                                        542
        4.5815235532       -3.6071224764       -0.8530605653
F                                                        543
        1.8495235532       -3.6071224764       -0.8530605653
F                                                        544
        1.8495235532       -0.8751224764       -0.8530605653
F                                                        545
        4.5815235532       -3.6071224764       -3.5850605653
F                                                        546
        1.8495235532       -0.8751224764       -3.5850605653
F                                                        547
        1.8495235532       -3.6071224764        1.8789394347
F                                                        548
        4.5815235532       -0.8751224764        1.8789394347
F                                                        549
        4.5815235532       -3.6071224764        4.6109394347
F                                                        550
        1.8495235532       -3.6071224764        4.6109394347
F                                                        551
        4.5815235532       -0.8751224764        4.6109394347
F                                                        552
        1.8495235532       -0.8751224764        4.6109394347
F                                                        553
        4.5815235532       -3.6071224764        1.8789394347
F                                                        554
        1.8495235532       -0.8751224764        1.8789394347
F                                                        555
        1.8495235532       -3.6071224764        7.3429394347
F                                                        556
        4.5815235532       -0.8751224764        7.3429394347
F                                                        557
        4.5815235532       -3.6071224764       10.0749394347
F                                                        558
        1.8495235532       -3.6071224764       10.0749394347
F                                                        559
        4.5815235532       -0.8751224764       10.0749394347
F                                                        560
        1.8495235532       -0.8751224764       10.0749394347
F                                                        561
        4.5815235532       -3.6071224764        7.3429394347
F                                                        562
        1.8495235532       -0.8751224764        7.3429394347
F                                                        563
        1.8495235532        1.8568775236       -9.0490605653
F                                                        564
        4.5815235532        4.5888775236       -9.0490605653
F                                                        565
        4.5815235532        1.8568775236       -6.3170605653
F                                                        566
        1.8495235532        1.8568775236       -6.3170605653
F                                                        567
        4.5815235532        4.5888775236       -6.3170605653
F                                                        568
        1.8495235532        4.5888775236       -6.3170605653
F                                                        569
        4.5815235532        1.8568775236       -9.0490605653
F                                                        570
        1.8495235532        4.5888775236       -9.0490605653
F                                                        571
        1.8495235532        1.8568775236       -3.5850605653
F                                                        572
        4.5815235532        4.5888775236       -3.5850605653
F                                                        573
        4.5815235532        1.8568775236       -0.8530605653
F                                                        574
        1.8495235532        1.8568775236       -0.8530605653
F                                                        575
        4.5815235532        4.5888775236       -0.8530605653
F                                                        576
        1.8495235532        4.5888775236       -0.8530605653
F                                                        577
        4.5815235532        1.8568775236       -3.5850605653
F                                                        578
        1.8495235532        4.5888775236       -3.5850605653
F                                                        579
        1.8495235532        1.8568775236        1.8789394347
F                                                        580
        4.5815235532        4.5888775236        1.8789394347
F                                                        581
        4.5815235532        1.8568775236        4.6109394347
F                                                        582
        1.8495235532        1.8568775236        4.6109394347
F                                                        583
        4.5815235532        4.5888775236        4.6109394347
F                                                        584
        1.8495235532        4.5888775236        4.6109394347
F                                                        585
        4.5815235532        1.8568775236        1.8789394347
F                                                        586
        1.8495235532        4.5888775236        1.8789394347
F                                                        587
        1.8495235532        1.8568775236        7.3429394347
F                                                        588
        4.5815235532        4.5888775236        7.3429394347
F                                                        589
        4.5815235532        1.8568775236       10.0749394347
F                                                        590
        1.8495235532        1.8568775236       10.0749394347
F                                                        591
        4.5815235532        4.5888775236       10.0749394347
F                                                        592
        1.8495235532        4.5888775236       10.0749394347
F                                                        593
        4.5815235532        1.8568775236        7.3429394347
F                                                        594
        1.8495235532        4.5888775236        7.3429394347
F                                                        595
        1.8495235532        7.3208775236       -9.0490605653
F                                                        596
        4.5815235532       10.0528775236       -9.0490605653
F                                                        597
        4.5815235532        7.3208775236       -6.3170605653
F                                                        598
        1.8495235532        7.3208775236       -6.3170605653
F                                                        599
        4.5815235532       10.0528775236       -6.3170605653
F                                                        600
        1.8495235532       10.0528775236       -6.3170605653
F                                                        601
        1.8495235532       10.0528775236       -9.0490605653
F                                                        602
        1.8495235532        7.3208775236       -3.5850605653
F                                                        603
        4.5815235532       10.0528775236       -3.5850605653
F                                                        604
        4.5815235532        7.3208775236       -0.8530605653
F                                                        605
        1.8495235532        7.3208775236       -0.8530605653
F                                                        606
        4.5815235532       10.0528775236       -0.8530605653
F                                                        607
        1.8495235532       10.0528775236       -0.8530605653
F                                                        608
        4.5815235532        7.3208775236       -3.5850605653
F                                                        609
        1.8495235532       10.0528775236       -3.5850605653
F                                                        610
        1.8495235532        7.3208775236        1.8789394347
F                                                        611
        4.5815235532       10.0528775236        1.8789394347
F                                                        612
        4.5815235532        7.3208775236        4.6109394347
F                                                        613
        1.8495235532        7.3208775236        4.6109394347
F                                                        614
        4.5815235532       10.0528775236        4.6109394347
F                                                        615
        1.8495235532       10.0528775236        4.6109394347
F                                                        616
        4.5815235532        7.3208775236        1.8789394347
F                                                        617
        1.8495235532       10.0528775236        1.8789394347
F                                                        618
        1.8495235532        7.3208775236        7.3429394347
F                                                        619
        4.5815235532        7.3208775236       10.0749394347
F                                                        620
        1.8495235532        7.3208775236       10.0749394347
F                                                        621
        4.5815235532       10.0528775236       10.0749394347
F                                                        622
        1.8495235532       10.0528775236       10.0749394347
F                                                        623
        4.5815235532        7.3208775236        7.3429394347
F                                                        624
        1.8495235532       10.0528775236        7.3429394347
F                                                        625
       10.0455235532       -6.3391224764       -9.0490605653
F                                                        626
       10.0455235532       -9.0711224764       -6.3170605653
F                                                        627
        7.3135235532       -9.0711224764       -6.3170605653
F                                                        628
       10.0455235532       -6.3391224764       -6.3170605653
F                                                        629
        7.3135235532       -6.3391224764       -6.3170605653
F                                                        630
       10.0455235532       -9.0711224764       -9.0490605653
F                                                        631
        7.3135235532       -9.0711224764       -3.5850605653
F                                                        632
       10.0455235532       -9.0711224764       -0.8530605653
F                                                        633
        7.3135235532       -9.0711224764       -0.8530605653
F                                                        634
       10.0455235532       -6.3391224764       -0.8530605653
F                                                        635
        7.3135235532       -6.3391224764       -0.8530605653
F                                                        636
       10.0455235532       -9.0711224764       -3.5850605653
F                                                        637
        7.3135235532       -6.3391224764       -3.5850605653
F                                                        638
        7.3135235532       -9.0711224764        1.8789394347
F                                                        639
       10.0455235532       -6.3391224764        1.8789394347
F                                                        640
       10.0455235532       -9.0711224764        4.6109394347
F                                                        641
        7.3135235532       -9.0711224764        4.6109394347
F                                                        642
       10.0455235532       -6.3391224764        4.6109394347
F                                                        643
        7.3135235532       -6.3391224764        4.6109394347
F                                                        644
       10.0455235532       -9.0711224764        1.8789394347
F                                                        645
        7.3135235532       -6.3391224764        1.8789394347
F                                                        646
        7.3135235532       -9.0711224764        7.3429394347
F                                                        647
       10.0455235532       -6.3391224764        7.3429394347
F                                                        648
       10.0455235532       -9.0711224764       10.0749394347
F                                                        649
        7.3135235532       -9.0711224764       10.0749394347
F                                                        650
       10.0455235532       -6.3391224764       10.0749394347
F                                                        651
        7.3135235532       -6.3391224764       10.0749394347
F                                                        652
       10.0455235532       -9.0711224764        7.3429394347
F                                                        653
        7.3135235532       -6.3391224764        7.3429394347
F                                                        654
        7.3135235532       -3.6071224764       -9.0490605653
F                                                        655
       10.0455235532       -0.8751224764       -9.0490605653
F                                                        656
       10.0455235532       -3.6071224764       -6.3170605653
F                                                        657
        7.3135235532       -3.6071224764       -6.3170605653
F                                                        658
       10.0455235532       -0.8751224764       -6.3170605653
F                                                        659
        7.3135235532       -0.8751224764       -6.3170605653
F                                                        660
       10.0455235532       -3.6071224764       -9.0490605653
F                                                        661
        7.3135235532       -0.8751224764       -9.0490605653
F                                                        662
        7.3135235532       -3.6071224764       -3.5850605653
F                                                        663
       10.0455235532       -0.8751224764       -3.5850605653
F                                                        664
       10.0455235532       -3.6071224764       -0.8530605653
F                                                        665
        7.3135235532       -3.6071224764       -0.8530605653
F                                                        666
       10.0455235532       -0.8751224764       -0.8530605653
F                                                        667
        7.3135235532       -0.8751224764       -0.8530605653
F                                                        668
       10.0455235532       -3.6071224764       -3.5850605653
F                                                        669
        7.3135235532       -0.8751224764       -3.5850605653
F                                                        670
        7.3135235532       -3.6071224764        1.8789394347
F                                                        671
       10.0455235532       -0.8751224764        1.8789394347
F                                                        672
       10.0455235532       -3.6071224764        4.6109394347
F                                                        673
        7.3135235532       -3.6071224764        4.6109394347
F                                                        674
       10.0455235532       -0.8751224764        4.6109394347
F                                                        675
        7.3135235532       -0.8751224764        4.6109394347
F                                                        676
       10.0455235532       -3.6071224764        1.8789394347
F                                                        677
        7.3135235532       -0.8751224764        1.8789394347
F                                                        678
        7.3135235532       -3.6071224764        7.3429394347
F                                                        679
       10.0455235532       -0.8751224764        7.3429394347
F                                                        680
       10.0455235532       -3.6071224764       10.0749394347
F                                                        681
        7.3135235532       -3.6071224764       10.0749394347
F                                                        682
        7.3135235532       -0.8751224764       10.0749394347
F                                                        683
       10.0455235532       -3.6071224764        7.3429394347
F                                                        684
        7.3135235532       -0.8751224764        7.3429394347
F                                                        685
        7.3135235532        1.8568775236       -9.0490605653
F                                                        686
       10.0455235532        4.5888775236       -9.0490605653
F                                                        687
       10.0455235532        1.8568775236       -6.3170605653
F                                                        688
        7.3135235532        1.8568775236       -6.3170605653
F                                                        689
       10.0455235532        4.5888775236       -6.3170605653
F                                                        690
        7.3135235532        4.5888775236       -6.3170605653
F                                                        691
       10.0455235532        1.8568775236       -9.0490605653
F                                                        692
        7.3135235532        4.5888775236       -9.0490605653
F                                                        693
        7.3135235532        1.8568775236       -3.5850605653
F                                                        694
       10.0455235532        4.5888775236       -3.5850605653
F                                                        695
       10.0455235532        1.8568775236       -0.8530605653
F                                                        696
        7.3135235532        1.8568775236       -0.8530605653
F                                                        697
       10.0455235532        4.5888775236       -0.8530605653
F                                                        698
        7.3135235532        4.5888775236       -0.8530605653
F                                                        699
       10.0455235532        1.8568775236       -3.5850605653
F                                                        700
        7.3135235532        4.5888775236       -3.5850605653
F                                                        701
        7.3135235532        1.8568775236        1.8789394347
F                                                        702
       10.0455235532        4.5888775236        1.8789394347
F                                                        703
       10.0455235532        1.8568775236        4.6109394347
F                                                        704
        7.3135235532        1.8568775236        4.6109394347
F                                                        705
       10.0455235532        4.5888775236        4.6109394347
F                                                        706
       10.0455235532        1.8568775236        1.8789394347
F                                                        707
        7.3135235532        4.5888775236        1.8789394347
F                                                        708
       10.0455235532        4.5888775236        7.3429394347
F                                                        709
       10.0455235532        1.8568775236       10.0749394347
F                                                        710
        7.3135235532        1.8568775236       10.0749394347
F                                                        711
       10.0455235532        4.5888775236       10.0749394347
F                                                        712
        7.3135235532        4.5888775236       10.0749394347
F                                                        713
       10.0455235532        1.8568775236        7.3429394347
F                                                        714
        7.3135235532        4.5888775236        7.3429394347
F                                                        715
        7.3135235532        7.3208775236       -9.0490605653
F                                                        716
       10.0455235532       10.0528775236       -9.0490605653
F                                                        717
        7.3135235532        7.3208775236       -6.3170605653
F                                                        718
       10.0455235532       10.0528775236       -6.3170605653
F                                                        719
        7.3135235532       10.0528775236       -6.3170605653
F                                                        720
       10.0455235532        7.3208775236       -9.0490605653
F                                                        721
        7.3135235532       10.0528775236       -9.0490605653
F                                                        722
        7.3135235532        7.3208775236       -3.5850605653
F                                                        723
       10.0455235532       10.0528775236       -3.5850605653
F                                                        724
       10.0455235532        7.3208775236       -0.8530605653
F                                                        725
        7.3135235532        7.3208775236       -0.8530605653
F                                                        726
       10.0455235532       10.0528775236       -0.8530605653
F                                                        727
        7.3135235532       10.0528775236       -0.8530605653
F                                                        728
       10.0455235532        7.3208775236       -3.5850605653
F                                                        729
        7.3135235532       10.0528775236       -3.5850605653
F                                                        730
        7.3135235532        7.3208775236        1.8789394347
F                                                        731
       10.0455235532       10.0528775236        1.8789394347
F                                                        732
       10.0455235532        7.3208775236        4.6109394347
F                                                        733
        7.3135235532        7.3208775236        4.6109394347
F                                                        734
       10.0455235532       10.0528775236        4.6109394347
F                                                        735
        7.3135235532       10.0528775236        4.6109394347
F                                                        736
       10.0455235532        7.3208775236        1.8789394347
F                                                        737
        7.3135235532       10.0528775236        1.8789394347
F                                                        738
       10.0455235532       10.0528775236        7.3429394347
F                                                        739
       10.0455235532        7.3208775236       10.0749394347
F                                                        740
        7.3135235532        7.3208775236       10.0749394347
F                                                        741
        7.3135235532       10.0528775236       10.0749394347
F                                                        742
       10.0455235532        7.3208775236        7.3429394347
F                                                        743
        7.3135235532       10.0528775236        7.3429394347
