surfa_______________:       0.0000000000     0.0000000000    21.8560000000
         0         3
       21.8560000000        0.0000000000        0.0000000000
        0.0000000000       21.8560000000        0.0000000000
        0.0000000000        0.0000000000       21.8560000000
CA                                                         1
      -10.5829427083      -10.4086354167      -10.4442083333
CA                                                         2
      -10.5829427083       -7.6766354167       -7.7122083333
CA                                                         3
       -7.8509427083      -10.4086354167       -7.7122083333
CA                                                         4
       -7.8509427083       -7.6766354167      -10.4442083333
CA                                                         5
      -10.5829427083      -10.4086354167       -4.9802083333
CA                                                         6
      -10.5829427083       -7.6766354167       -2.2482083333
CA                                                         7
       -7.8509427083       -7.6766354167       -4.9802083333
CA                                                         8
      -10.5829427083      -10.4086354167        0.4837916667
CA                                                         9
      -10.5829427083       -7.6766354167        3.2157916667
CA                                                        10
       -7.8509427083      -10.4086354167        3.2157916667
CA                                                        11
       -7.8509427083       -7.6766354167        0.4837916667
CA                                                        12
      -10.5829427083      -10.4086354167        5.9477916667
CA                                                        13
       -7.8509427083      -10.4086354167        8.6797916667
CA                                                        14
       -7.8509427083       -7.6766354167        5.9477916667
CA                                                        15
      -10.5829427083       -4.9446354167      -10.4442083333
CA                                                        16
      -10.5829427083       -2.2126354167       -7.7122083333
CA                                                        17
       -7.8509427083       -4.9446354167       -7.7122083333
CA                                                        18
       -7.8509427083       -2.2126354167      -10.4442083333
CA                                                        19
      -10.5829427083       -4.9446354167       -4.9802083333
CA                                                        20
      -10.5829427083       -2.2126354167       -2.2482083333
CA                                                        21
       -7.8509427083       -4.9446354167       -2.2482083333
CA                                                        22
      -10.5829427083       -2.2126354167        3.2157916667
CA                                                        23
       -7.8509427083       -4.9446354167        3.2157916667
CA                                                        24
       -7.8509427083       -2.2126354167        0.4837916667
CA                                                        25
      -10.5829427083       -4.9446354167        5.9477916667
CA                                                        26
      -10.5829427083       -2.2126354167        8.6797916667
CA                                                        27
       -7.8509427083       -4.9446354167        8.6797916667
CA                                                        28
       -7.8509427083       -2.2126354167        5.9477916667
CA                                                        29
      -10.5829427083        0.5193645833      -10.4442083333
CA                                                        30
      -10.5829427083        3.2513645833       -7.7122083333
CA                                                        31
       -7.8509427083        0.5193645833       -7.7122083333
CA                                                        32
       -7.8509427083        3.2513645833      -10.4442083333
CA                                                        33
      -10.5829427083        0.5193645833       -4.9802083333
CA                                                        34
      -10.5829427083        3.2513645833       -2.2482083333
CA                                                        35
       -7.8509427083        3.2513645833       -4.9802083333
CA                                                        36
      -10.5829427083        0.5193645833        0.4837916667
CA                                                        37
      -10.5829427083        3.2513645833        3.2157916667
CA                                                        38
       -7.8509427083        0.5193645833        3.2157916667
CA                                                        39
       -7.8509427083        3.2513645833        0.4837916667
CA                                                        40
      -10.5829427083        0.5193645833        5.9477916667
CA                                                        41
      -10.5829427083        3.2513645833        8.6797916667
CA                                                        42
       -7.8509427083        0.5193645833        8.6797916667
CA                                                        43
       -7.8509427083        3.2513645833        5.9477916667
CA                                                        44
      -10.5829427083        5.9833645833      -10.4442083333
CA                                                        45
      -10.5829427083        8.7153645833       -7.7122083333
CA                                                        46
       -7.8509427083        8.7153645833      -10.4442083333
CA                                                        47
      -10.5829427083        5.9833645833       -4.9802083333
CA                                                        48
      -10.5829427083        8.7153645833       -2.2482083333
CA                                                        49
       -7.8509427083        8.7153645833       -4.9802083333
CA                                                        50
      -10.5829427083        5.9833645833        0.4837916667
CA                                                        51
      -10.5829427083        8.7153645833        3.2157916667
CA                                                        52
       -7.8509427083        5.9833645833        3.2157916667
CA                                                        53
       -7.8509427083        8.7153645833        0.4837916667
CA                                                        54
      -10.5829427083        5.9833645833        5.9477916667
CA                                                        55
      -10.5829427083        8.7153645833        8.6797916667
CA                                                        56
       -7.8509427083        5.9833645833        8.6797916667
CA                                                        57
       -7.8509427083        8.7153645833        5.9477916667
CA                                                        58
       -5.1189427083      -10.4086354167      -10.4442083333
CA                                                        59
       -5.1189427083       -7.6766354167       -7.7122083333
CA                                                        60
       -2.3869427083      -10.4086354167       -7.7122083333
CA                                                        61
       -2.3869427083       -7.6766354167      -10.4442083333
CA                                                        62
       -5.1189427083      -10.4086354167       -4.9802083333
CA                                                        63
       -5.1189427083       -7.6766354167       -2.2482083333
CA                                                        64
       -2.3869427083      -10.4086354167       -2.2482083333
CA                                                        65
       -2.3869427083       -7.6766354167       -4.9802083333
CA                                                        66
       -5.1189427083      -10.4086354167        0.4837916667
CA                                                        67
       -5.1189427083       -7.6766354167        3.2157916667
CA                                                        68
       -2.3869427083      -10.4086354167        3.2157916667
CA                                                        69
       -2.3869427083       -7.6766354167        0.4837916667
CA                                                        70
       -5.1189427083      -10.4086354167        5.9477916667
CA                                                        71
       -5.1189427083       -7.6766354167        8.6797916667
CA                                                        72
       -2.3869427083      -10.4086354167        8.6797916667
CA                                                        73
       -2.3869427083       -7.6766354167        5.9477916667
CA                                                        74
       -5.1189427083       -4.9446354167      -10.4442083333
CA                                                        75
       -5.1189427083       -2.2126354167       -7.7122083333
CA                                                        76
       -2.3869427083       -4.9446354167       -7.7122083333
CA                                                        77
       -2.3869427083       -2.2126354167      -10.4442083333
CA                                                        78
       -5.1189427083       -4.9446354167       -4.9802083333
CA                                                        79
       -5.1189427083       -2.2126354167       -2.2482083333
CA                                                        80
       -2.3869427083       -4.9446354167       -2.2482083333
CA                                                        81
       -2.3869427083       -2.2126354167       -4.9802083333
CA                                                        82
       -5.1189427083       -4.9446354167        0.4837916667
CA                                                        83
       -5.1189427083       -2.2126354167        3.2157916667
CA                                                        84
       -2.3869427083       -4.9446354167        3.2157916667
CA                                                        85
       -2.3869427083       -2.2126354167        0.4837916667
CA                                                        86
       -5.1189427083       -4.9446354167        5.9477916667
CA                                                        87
       -5.1189427083       -2.2126354167        8.6797916667
CA                                                        88
       -2.3869427083       -4.9446354167        8.6797916667
CA                                                        89
       -2.3869427083       -2.2126354167        5.9477916667
CA                                                        90
       -5.1189427083        0.5193645833      -10.4442083333
CA                                                        91
       -5.1189427083        3.2513645833       -7.7122083333
CA                                                        92
       -2.3869427083        3.2513645833      -10.4442083333
CA                                                        93
       -5.1189427083        0.5193645833       -4.9802083333
CA                                                        94
       -5.1189427083        3.2513645833       -2.2482083333
CA                                                        95
       -2.3869427083        0.5193645833       -2.2482083333
CA                                                        96
       -2.3869427083        3.2513645833       -4.9802083333
CA                                                        97
       -5.1189427083        3.2513645833        3.2157916667
CA                                                        98
       -2.3869427083        0.5193645833        3.2157916667
CA                                                        99
       -2.3869427083        3.2513645833        0.4837916667
CA                                                       100
       -5.1189427083        0.5193645833        5.9477916667
CA                                                       101
       -5.1189427083        3.2513645833        8.6797916667
CA                                                       102
       -2.3869427083        0.5193645833        8.6797916667
CA                                                       103
       -2.3869427083        3.2513645833        5.9477916667
CA                                                       104
       -5.1189427083        5.9833645833      -10.4442083333
CA                                                       105
       -5.1189427083        8.7153645833       -7.7122083333
CA                                                       106
       -2.3869427083        5.9833645833       -7.7122083333
CA                                                       107
       -2.3869427083        8.7153645833      -10.4442083333
CA                                                       108
       -5.1189427083        5.9833645833       -4.9802083333
CA                                                       109
       -5.1189427083        8.7153645833       -2.2482083333
CA                                                       110
       -2.3869427083        5.9833645833       -2.2482083333
CA                                                       111
       -5.1189427083        5.9833645833        0.4837916667
CA                                                       112
       -5.1189427083        8.7153645833        3.2157916667
CA                                                       113
       -2.3869427083        5.9833645833        3.2157916667
CA                                                       114
       -2.3869427083        8.7153645833        0.4837916667
CA                                                       115
       -5.1189427083        5.9833645833        5.9477916667
CA                                                       116
       -5.1189427083        8.7153645833        8.6797916667
CA                                                       117
       -2.3869427083        5.9833645833        8.6797916667
CA                                                       118
       -2.3869427083        8.7153645833        5.9477916667
CA                                                       119
        0.3450572917      -10.4086354167      -10.4442083333
CA                                                       120
        0.3450572917       -7.6766354167       -7.7122083333
CA                                                       121
        3.0770572917      -10.4086354167       -7.7122083333
CA                                                       122
        3.0770572917       -7.6766354167      -10.4442083333
CA                                                       123
        0.3450572917      -10.4086354167       -4.9802083333
CA                                                       124
        0.3450572917       -7.6766354167       -2.2482083333
CA                                                       125
        3.0770572917      -10.4086354167       -2.2482083333
CA                                                       126
        3.0770572917       -7.6766354167       -4.9802083333
CA                                                       127
        0.3450572917      -10.4086354167        0.4837916667
CA                                                       128
        0.3450572917       -7.6766354167        3.2157916667
CA                                                       129
        3.0770572917      -10.4086354167        3.2157916667
CA                                                       130
        0.3450572917      -10.4086354167        5.9477916667
CA                                                       131
        0.3450572917       -7.6766354167        8.6797916667
CA                                                       132
        3.0770572917      -10.4086354167        8.6797916667
CA                                                       133
        3.0770572917       -7.6766354167        5.9477916667
CA                                                       134
        0.3450572917       -4.9446354167      -10.4442083333
CA                                                       135
        0.3450572917       -2.2126354167       -7.7122083333
CA                                                       136
        3.0770572917       -4.9446354167       -7.7122083333
CA                                                       137
        3.0770572917       -2.2126354167      -10.4442083333
CA                                                       138
        0.3450572917       -4.9446354167       -4.9802083333
CA                                                       139
        0.3450572917       -2.2126354167       -2.2482083333
CA                                                       140
        3.0770572917       -4.9446354167       -2.2482083333
CA                                                       141
        3.0770572917       -2.2126354167       -4.9802083333
CA                                                       142
        0.3450572917       -4.9446354167        0.4837916667
CA                                                       143
        0.3450572917       -2.2126354167        3.2157916667
CA                                                       144
        3.0770572917       -4.9446354167        3.2157916667
CA                                                       145
        3.0770572917       -2.2126354167        0.4837916667
CA                                                       146
        0.3450572917       -4.9446354167        5.9477916667
CA                                                       147
        0.3450572917       -2.2126354167        8.6797916667
CA                                                       148
        3.0770572917       -4.9446354167        8.6797916667
CA                                                       149
        0.3450572917        0.5193645833      -10.4442083333
CA                                                       150
        0.3450572917        3.2513645833       -7.7122083333
CA                                                       151
        3.0770572917        0.5193645833       -7.7122083333
CA                                                       152
        3.0770572917        3.2513645833      -10.4442083333
CA                                                       153
        0.3450572917        0.5193645833       -4.9802083333
CA                                                       154
        0.3450572917        3.2513645833       -2.2482083333
CA                                                       155
        3.0770572917        0.5193645833       -2.2482083333
CA                                                       156
        3.0770572917        3.2513645833       -4.9802083333
CA                                                       157
        0.3450572917        0.5193645833        0.4837916667
CA                                                       158
        0.3450572917        3.2513645833        3.2157916667
CA                                                       159
        3.0770572917        0.5193645833        3.2157916667
CA                                                       160
        0.3450572917        3.2513645833        8.6797916667
CA                                                       161
        3.0770572917        3.2513645833        5.9477916667
CA                                                       162
        0.3450572917        5.9833645833      -10.4442083333
CA                                                       163
        0.3450572917        8.7153645833       -7.7122083333
CA                                                       164
        3.0770572917        5.9833645833       -7.7122083333
CA                                                       165
        3.0770572917        8.7153645833      -10.4442083333
CA                                                       166
        0.3450572917        8.7153645833       -2.2482083333
CA                                                       167
        3.0770572917        5.9833645833       -2.2482083333
CA                                                       168
        3.0770572917        8.7153645833       -4.9802083333
CA                                                       169
        0.3450572917        5.9833645833        0.4837916667
CA                                                       170
        3.0770572917        5.9833645833        3.2157916667
CA                                                       171
        3.0770572917        8.7153645833        0.4837916667
CA                                                       172
        3.0770572917        5.9833645833        8.6797916667
CA                                                       173
        3.0770572917        8.7153645833        5.9477916667
CA                                                       174
        5.8090572917      -10.4086354167      -10.4442083333
CA                                                       175
        5.8090572917       -7.6766354167       -7.7122083333
CA                                                       176
        8.5410572917      -10.4086354167       -7.7122083333
CA                                                       177
        5.8090572917      -10.4086354167       -4.9802083333
CA                                                       178
        5.8090572917       -7.6766354167       -2.2482083333
CA                                                       179
        8.5410572917      -10.4086354167       -2.2482083333
CA                                                       180
        8.5410572917       -7.6766354167       -4.9802083333
CA                                                       181
        5.8090572917      -10.4086354167        0.4837916667
CA                                                       182
        8.5410572917      -10.4086354167        3.2157916667
CA                                                       183
        5.8090572917      -10.4086354167        5.9477916667
CA                                                       184
        5.8090572917       -7.6766354167        8.6797916667
CA                                                       185
        8.5410572917      -10.4086354167        8.6797916667
CA                                                       186
        8.5410572917       -7.6766354167        5.9477916667
CA                                                       187
        5.8090572917       -4.9446354167      -10.4442083333
CA                                                       188
        5.8090572917       -2.2126354167       -7.7122083333
CA                                                       189
        8.5410572917       -4.9446354167       -7.7122083333
CA                                                       190
        8.5410572917       -2.2126354167      -10.4442083333
CA                                                       191
        5.8090572917       -4.9446354167       -4.9802083333
CA                                                       192
        5.8090572917       -2.2126354167       -2.2482083333
CA                                                       193
        8.5410572917       -2.2126354167       -4.9802083333
CA                                                       194
        5.8090572917       -4.9446354167        0.4837916667
CA                                                       195
        5.8090572917       -2.2126354167        3.2157916667
CA                                                       196
        8.5410572917       -4.9446354167        3.2157916667
CA                                                       197
        8.5410572917       -2.2126354167        0.4837916667
CA                                                       198
        5.8090572917       -4.9446354167        5.9477916667
CA                                                       199
        5.8090572917       -2.2126354167        8.6797916667
CA                                                       200
        8.5410572917       -4.9446354167        8.6797916667
CA                                                       201
        5.8090572917        0.5193645833      -10.4442083333
CA                                                       202
        5.8090572917        3.2513645833       -7.7122083333
CA                                                       203
        8.5410572917        0.5193645833       -7.7122083333
CA                                                       204
        8.5410572917        3.2513645833      -10.4442083333
CA                                                       205
        5.8090572917        0.5193645833       -4.9802083333
CA                                                       206
        8.5410572917        0.5193645833       -2.2482083333
CA                                                       207
        8.5410572917        3.2513645833       -4.9802083333
CA                                                       208
        5.8090572917        0.5193645833        0.4837916667
CA                                                       209
        5.8090572917        3.2513645833        3.2157916667
CA                                                       210
        8.5410572917        0.5193645833        3.2157916667
CA                                                       211
        8.5410572917        3.2513645833        0.4837916667
CA                                                       212
        5.8090572917        0.5193645833        5.9477916667
CA                                                       213
        5.8090572917        3.2513645833        8.6797916667
CA                                                       214
        8.5410572917        0.5193645833        8.6797916667
CA                                                       215
        8.5410572917        3.2513645833        5.9477916667
CA                                                       216
        5.8090572917        5.9833645833      -10.4442083333
CA                                                       217
        5.8090572917        8.7153645833       -7.7122083333
CA                                                       218
        8.5410572917        5.9833645833       -7.7122083333
CA                                                       219
        8.5410572917        8.7153645833      -10.4442083333
CA                                                       220
        5.8090572917        5.9833645833       -4.9802083333
CA                                                       221
        5.8090572917        8.7153645833       -2.2482083333
CA                                                       222
        8.5410572917        5.9833645833       -2.2482083333
CA                                                       223
        8.5410572917        8.7153645833       -4.9802083333
CA                                                       224
        5.8090572917        5.9833645833        0.4837916667
CA                                                       225
        5.8090572917        8.7153645833        3.2157916667
CA                                                       226
        8.5410572917        5.9833645833        3.2157916667
CA                                                       227
        8.5410572917        8.7153645833        0.4837916667
CA                                                       228
        5.8090572917        5.9833645833        5.9477916667
CA                                                       229
        5.8090572917        8.7153645833        8.6797916667
CA                                                       230
        8.5410572917        5.9833645833        8.6797916667
CA                                                       231
        8.5410572917        8.7153645833        5.9477916667
CA                                                       232
       -5.1189427083       -7.6766354167      -10.4442083333
CA                                                       233
       -7.8509427083      -10.4086354167       -4.9802083333
CA                                                       234
       -5.1189427083      -10.4086354167       -2.2482083333
CA                                                       235
       -7.8509427083       -2.2126354167       -7.7122083333
CA                                                       236
       -5.1189427083       -4.9446354167        3.2157916667
CA                                                       237
       -5.1189427083        8.7153645833      -10.4442083333
CA                                                       238
       -2.3869427083       -7.6766354167       -7.7122083333
CA                                                       239
        0.3450572917       -7.6766354167        5.9477916667
CA                                                       240
        0.3450572917        0.5193645833       -7.7122083333
CA                                                       241
        3.0770572917       -4.9446354167       -4.9802083333
CA                                                       242
        5.8090572917       -4.9446354167        3.2157916667
CA                                                       243
        3.0770572917       -2.2126354167        8.6797916667
CA                                                       244
        5.8090572917       -4.9446354167        8.6797916667
CA                                                       245
        3.0770572917        0.5193645833       -4.9802083333
CA                                                       246
        3.0770572917        8.7153645833       -7.7122083333
CA                                                       247
        5.8090572917        5.9833645833       -7.7122083333
CA                                                       248
        3.0770572917        8.7153645833        8.6797916667
CA                                                       249
       11.2730572917       -7.6766354167       -4.9802083333
CA                                                       250
       11.2730572917      -10.4086354167        8.6797916667
CA                                                       251
        8.5410572917       -2.2126354167       -2.2482083333
CA                                                       252
        8.5410572917       -4.9446354167        5.9477916667
CA                                                       253
        8.5410572917       -2.2126354167        8.6797916667
CA                                                       254
       11.2730572917        3.2513645833       -4.9802083333
CA                                                       255
        8.5410572917        3.2513645833        3.2157916667
CA                                                       256
       11.2730572917        0.5193645833        8.6797916667
F                                                        257
       -9.2169427083       -9.0426354167       -9.0782083333
F                                                        258
       -6.4849427083       -6.3106354167       -9.0782083333
F                                                        259
       -6.4849427083       -9.0426354167       -6.3462083333
F                                                        260
       -9.2169427083       -9.0426354167       -6.3462083333
F                                                        261
       -6.4849427083       -6.3106354167       -6.3462083333
F                                                        262
       -9.2169427083       -6.3106354167       -6.3462083333
F                                                        263
       -6.4849427083       -9.0426354167       -9.0782083333
F                                                        264
       -9.2169427083       -6.3106354167       -9.0782083333
F                                                        265
       -9.2169427083       -9.0426354167       -3.6142083333
F                                                        266
       -6.4849427083       -6.3106354167       -3.6142083333
F                                                        267
       -6.4849427083       -9.0426354167       -0.8822083333
F                                                        268
       -9.2169427083       -9.0426354167       -0.8822083333
F                                                        269
       -6.4849427083       -6.3106354167       -0.8822083333
F                                                        270
       -9.2169427083       -6.3106354167       -0.8822083333
F                                                        271
       -6.4849427083       -9.0426354167       -3.6142083333
F                                                        272
       -9.2169427083       -6.3106354167       -3.6142083333
F                                                        273
       -9.2169427083       -9.0426354167        1.8497916667
F                                                        274
       -6.4849427083       -6.3106354167        1.8497916667
F                                                        275
       -6.4849427083       -9.0426354167        4.5817916667
F                                                        276
       -9.2169427083       -9.0426354167        4.5817916667
F                                                        277
       -6.4849427083       -6.3106354167        4.5817916667
F                                                        278
       -9.2169427083       -6.3106354167        4.5817916667
F                                                        279
       -6.4849427083       -9.0426354167        1.8497916667
F                                                        280
       -9.2169427083       -6.3106354167        1.8497916667
F                                                        281
       -9.2169427083       -9.0426354167        7.3137916667
F                                                        282
       -6.4849427083       -6.3106354167        7.3137916667
F                                                        283
       -6.4849427083       -9.0426354167       10.0457916667
F                                                        284
       -9.2169427083       -9.0426354167       10.0457916667
F                                                        285
       -6.4849427083       -6.3106354167       10.0457916667
F                                                        286
       -9.2169427083       -6.3106354167       10.0457916667
F                                                        287
       -6.4849427083       -9.0426354167        7.3137916667
F                                                        288
       -9.2169427083       -6.3106354167        7.3137916667
F                                                        289
       -9.2169427083       -3.5786354167       -9.0782083333
F                                                        290
       -6.4849427083       -0.8466354167       -9.0782083333
F                                                        291
       -6.4849427083       -3.5786354167       -6.3462083333
F                                                        292
       -9.2169427083       -3.5786354167       -6.3462083333
F                                                        293
       -6.4849427083       -0.8466354167       -6.3462083333
F                                                        294
       -9.2169427083       -0.8466354167       -6.3462083333
F                                                        295
       -6.4849427083       -3.5786354167       -9.0782083333
F                                                        296
       -9.2169427083       -0.8466354167       -9.0782083333
F                                                        297
       -9.2169427083       -3.5786354167       -3.6142083333
F                                                        298
       -6.4849427083       -0.8466354167       -3.6142083333
F                                                        299
       -6.4849427083       -3.5786354167       -0.8822083333
F                                                        300
       -9.2169427083       -3.5786354167       -0.8822083333
F                                                        301
       -6.4849427083       -0.8466354167       -0.8822083333
F                                                        302
       -9.2169427083       -0.8466354167       -0.8822083333
F                                                        303
       -6.4849427083       -3.5786354167       -3.6142083333
F                                                        304
       -9.2169427083       -0.8466354167       -3.6142083333
F                                                        305
       -9.2169427083       -3.5786354167        1.8497916667
F                                                        306
       -6.4849427083       -0.8466354167        1.8497916667
F                                                        307
       -6.4849427083       -3.5786354167        4.5817916667
F                                                        308
       -9.2169427083       -3.5786354167        4.5817916667
F                                                        309
       -6.4849427083       -0.8466354167        4.5817916667
F                                                        310
       -9.2169427083       -0.8466354167        4.5817916667
F                                                        311
       -6.4849427083       -3.5786354167        1.8497916667
F                                                        312
       -9.2169427083       -0.8466354167        1.8497916667
F                                                        313
       -9.2169427083       -3.5786354167        7.3137916667
F                                                        314
       -6.4849427083       -0.8466354167        7.3137916667
F                                                        315
       -6.4849427083       -3.5786354167       10.0457916667
F                                                        316
       -9.2169427083       -3.5786354167       10.0457916667
F                                                        317
       -6.4849427083       -0.8466354167       10.0457916667
F                                                        318
       -9.2169427083       -0.8466354167       10.0457916667
F                                                        319
       -6.4849427083       -3.5786354167        7.3137916667
F                                                        320
       -9.2169427083       -0.8466354167        7.3137916667
F                                                        321
       -9.2169427083        1.8853645833       -9.0782083333
F                                                        322
       -6.4849427083        4.6173645833       -9.0782083333
F                                                        323
       -6.4849427083        1.8853645833       -6.3462083333
F                                                        324
       -9.2169427083        1.8853645833       -6.3462083333
F                                                        325
       -6.4849427083        4.6173645833       -6.3462083333
F                                                        326
       -9.2169427083        4.6173645833       -6.3462083333
F                                                        327
       -6.4849427083        1.8853645833       -9.0782083333
F                                                        328
       -9.2169427083        4.6173645833       -9.0782083333
F                                                        329
       -9.2169427083        1.8853645833       -3.6142083333
F                                                        330
       -6.4849427083        4.6173645833       -3.6142083333
F                                                        331
       -6.4849427083        1.8853645833       -0.8822083333
F                                                        332
       -9.2169427083        1.8853645833       -0.8822083333
F                                                        333
       -6.4849427083        4.6173645833       -0.8822083333
F                                                        334
       -9.2169427083        4.6173645833       -0.8822083333
F                                                        335
       -6.4849427083        1.8853645833       -3.6142083333
F                                                        336
       -9.2169427083        4.6173645833       -3.6142083333
F                                                        337
       -9.2169427083        1.8853645833        1.8497916667
F                                                        338
       -6.4849427083        4.6173645833        1.8497916667
F                                                        339
       -6.4849427083        1.8853645833        4.5817916667
F                                                        340
       -9.2169427083        1.8853645833        4.5817916667
F                                                        341
       -6.4849427083        4.6173645833        4.5817916667
F                                                        342
       -9.2169427083        4.6173645833        4.5817916667
F                                                        343
       -6.4849427083        1.8853645833        1.8497916667
F                                                        344
       -9.2169427083        4.6173645833        1.8497916667
F                                                        345
       -9.2169427083        1.8853645833        7.3137916667
F                                                        346
       -6.4849427083        4.6173645833        7.3137916667
F                                                        347
       -6.4849427083        1.8853645833       10.0457916667
F                                                        348
       -9.2169427083        1.8853645833       10.0457916667
F                                                        349
       -6.4849427083        4.6173645833       10.0457916667
F                                                        350
       -9.2169427083        4.6173645833       10.0457916667
F                                                        351
       -6.4849427083        1.8853645833        7.3137916667
F                                                        352
       -9.2169427083        4.6173645833        7.3137916667
F                                                        353
       -9.2169427083        7.3493645833       -9.0782083333
F                                                        354
       -6.4849427083       10.0813645833       -9.0782083333
F                                                        355
       -6.4849427083        7.3493645833       -6.3462083333
F                                                        356
       -9.2169427083        7.3493645833       -6.3462083333
F                                                        357
       -6.4849427083       10.0813645833       -6.3462083333
F                                                        358
       -9.2169427083       10.0813645833       -6.3462083333
F                                                        359
       -6.4849427083        7.3493645833       -9.0782083333
F                                                        360
       -9.2169427083       10.0813645833       -9.0782083333
F                                                        361
       -9.2169427083        7.3493645833       -3.6142083333
F                                                        362
       -6.4849427083       10.0813645833       -3.6142083333
F                                                        363
       -6.4849427083        7.3493645833       -0.8822083333
F                                                        364
       -9.2169427083        7.3493645833       -0.8822083333
F                                                        365
       -6.4849427083       10.0813645833       -0.8822083333
F                                                        366
       -9.2169427083       10.0813645833       -0.8822083333
F                                                        367
       -6.4849427083        7.3493645833       -3.6142083333
F                                                        368
       -9.2169427083       10.0813645833       -3.6142083333
F                                                        369
       -9.2169427083        7.3493645833        1.8497916667
F                                                        370
       -6.4849427083       10.0813645833        1.8497916667
F                                                        371
       -6.4849427083        7.3493645833        4.5817916667
F                                                        372
       -9.2169427083        7.3493645833        4.5817916667
F                                                        373
       -6.4849427083       10.0813645833        4.5817916667
F                                                        374
       -9.2169427083       10.0813645833        4.5817916667
F                                                        375
       -6.4849427083        7.3493645833        1.8497916667
F                                                        376
       -9.2169427083       10.0813645833        1.8497916667
F                                                        377
       -9.2169427083        7.3493645833        7.3137916667
F                                                        378
       -6.4849427083       10.0813645833        7.3137916667
F                                                        379
       -6.4849427083        7.3493645833       10.0457916667
F                                                        380
       -9.2169427083        7.3493645833       10.0457916667
F                                                        381
       -6.4849427083       10.0813645833       10.0457916667
F                                                        382
       -9.2169427083       10.0813645833       10.0457916667
F                                                        383
       -6.4849427083        7.3493645833        7.3137916667
F                                                        384
       -9.2169427083       10.0813645833        7.3137916667
F                                                        385
       -3.7529427083       -9.0426354167       -9.0782083333
F                                                        386
       -1.0209427083       -6.3106354167       -9.0782083333
F                                                        387
       -1.0209427083       -9.0426354167       -6.3462083333
F                                                        388
       -3.7529427083       -9.0426354167       -6.3462083333
F                                                        389
       -1.0209427083       -6.3106354167       -6.3462083333
F                                                        390
       -3.7529427083       -6.3106354167       -6.3462083333
F                                                        391
       -1.0209427083       -9.0426354167       -9.0782083333
F                                                        392
       -3.7529427083       -6.3106354167       -9.0782083333
F                                                        393
       -3.7529427083       -9.0426354167       -3.6142083333
F                                                        394
       -1.0209427083       -6.3106354167       -3.6142083333
F                                                        395
       -1.0209427083       -9.0426354167       -0.8822083333
F                                                        396
       -3.7529427083       -9.0426354167       -0.8822083333
F                                                        397
       -1.0209427083       -6.3106354167       -0.8822083333
F                                                        398
       -3.7529427083       -6.3106354167       -0.8822083333
F                                                        399
       -1.0209427083       -9.0426354167       -3.6142083333
F                                                        400
       -3.7529427083       -6.3106354167       -3.6142083333
F                                                        401
       -3.7529427083       -9.0426354167        1.8497916667
F                                                        402
       -1.0209427083       -6.3106354167        1.8497916667
F                                                        403
       -1.0209427083       -9.0426354167        4.5817916667
F                                                        404
       -3.7529427083       -9.0426354167        4.5817916667
F                                                        405
       -1.0209427083       -6.3106354167        4.5817916667
F                                                        406
       -3.7529427083       -6.3106354167        4.5817916667
F                                                        407
       -1.0209427083       -9.0426354167        1.8497916667
F                                                        408
       -3.7529427083       -6.3106354167        1.8497916667
F                                                        409
       -3.7529427083       -9.0426354167        7.3137916667
F                                                        410
       -1.0209427083       -6.3106354167        7.3137916667
F                                                        411
       -1.0209427083       -9.0426354167       10.0457916667
F                                                        412
       -3.7529427083       -9.0426354167       10.0457916667
F                                                        413
       -1.0209427083       -6.3106354167       10.0457916667
F                                                        414
       -3.7529427083       -6.3106354167       10.0457916667
F                                                        415
       -1.0209427083       -9.0426354167        7.3137916667
F                                                        416
       -3.7529427083       -6.3106354167        7.3137916667
F                                                        417
       -3.7529427083       -3.5786354167       -9.0782083333
F                                                        418
       -1.0209427083       -0.8466354167       -9.0782083333
F                                                        419
       -1.0209427083       -3.5786354167       -6.3462083333
F                                                        420
       -3.7529427083       -3.5786354167       -6.3462083333
F                                                        421
       -1.0209427083       -0.8466354167       -6.3462083333
F                                                        422
       -3.7529427083       -0.8466354167       -6.3462083333
F                                                        423
       -1.0209427083       -3.5786354167       -9.0782083333
F                                                        424
       -3.7529427083       -0.8466354167       -9.0782083333
F                                                        425
       -3.7529427083       -3.5786354167       -3.6142083333
F                                                        426
       -1.0209427083       -0.8466354167       -3.6142083333
F                                                        427
       -1.0209427083       -3.5786354167       -0.8822083333
F                                                        428
       -3.7529427083       -3.5786354167       -0.8822083333
F                                                        429
       -1.0209427083       -0.8466354167       -0.8822083333
F                                                        430
       -3.7529427083       -0.8466354167       -0.8822083333
F                                                        431
       -1.0209427083       -3.5786354167       -3.6142083333
F                                                        432
       -3.7529427083       -0.8466354167       -3.6142083333
F                                                        433
       -3.7529427083       -3.5786354167        1.8497916667
F                                                        434
       -1.0209427083       -0.8466354167        1.8497916667
F                                                        435
       -1.0209427083       -3.5786354167        4.5817916667
F                                                        436
       -3.7529427083       -3.5786354167        4.5817916667
F                                                        437
       -1.0209427083       -0.8466354167        4.5817916667
F                                                        438
       -3.7529427083       -0.8466354167        4.5817916667
F                                                        439
       -1.0209427083       -3.5786354167        1.8497916667
F                                                        440
       -3.7529427083       -0.8466354167        1.8497916667
F                                                        441
       -3.7529427083       -3.5786354167        7.3137916667
F                                                        442
       -1.0209427083       -0.8466354167        7.3137916667
F                                                        443
       -1.0209427083       -3.5786354167       10.0457916667
F                                                        444
       -3.7529427083       -3.5786354167       10.0457916667
F                                                        445
       -1.0209427083       -0.8466354167       10.0457916667
F                                                        446
       -3.7529427083       -0.8466354167       10.0457916667
F                                                        447
       -1.0209427083       -3.5786354167        7.3137916667
F                                                        448
       -3.7529427083       -0.8466354167        7.3137916667
F                                                        449
       -3.7529427083        1.8853645833       -9.0782083333
F                                                        450
       -1.0209427083        4.6173645833       -9.0782083333
F                                                        451
       -1.0209427083        1.8853645833       -6.3462083333
F                                                        452
       -3.7529427083        1.8853645833       -6.3462083333
F                                                        453
       -1.0209427083        4.6173645833       -6.3462083333
F                                                        454
       -3.7529427083        4.6173645833       -6.3462083333
F                                                        455
       -1.0209427083        1.8853645833       -9.0782083333
F                                                        456
       -3.7529427083        4.6173645833       -9.0782083333
F                                                        457
       -3.7529427083        1.8853645833       -3.6142083333
F                                                        458
       -1.0209427083        4.6173645833       -3.6142083333
F                                                        459
       -1.0209427083        1.8853645833       -0.8822083333
F                                                        460
       -3.7529427083        1.8853645833       -0.8822083333
F                                                        461
       -1.0209427083        4.6173645833       -0.8822083333
F                                                        462
       -3.7529427083        4.6173645833       -0.8822083333
F                                                        463
       -1.0209427083        1.8853645833       -3.6142083333
F                                                        464
       -3.7529427083        4.6173645833       -3.6142083333
F                                                        465
       -3.7529427083        1.8853645833        1.8497916667
F                                                        466
       -1.0209427083        4.6173645833        1.8497916667
F                                                        467
       -1.0209427083        1.8853645833        4.5817916667
F                                                        468
       -3.7529427083        1.8853645833        4.5817916667
F                                                        469
       -1.0209427083        4.6173645833        4.5817916667
F                                                        470
       -3.7529427083        4.6173645833        4.5817916667
F                                                        471
       -1.0209427083        1.8853645833        1.8497916667
F                                                        472
       -3.7529427083        4.6173645833        1.8497916667
F                                                        473
       -3.7529427083        1.8853645833        7.3137916667
F                                                        474
       -1.0209427083        4.6173645833        7.3137916667
F                                                        475
       -1.0209427083        1.8853645833       10.0457916667
F                                                        476
       -3.7529427083        1.8853645833       10.0457916667
F                                                        477
       -1.0209427083        4.6173645833       10.0457916667
F                                                        478
       -3.7529427083        4.6173645833       10.0457916667
F                                                        479
       -1.0209427083        1.8853645833        7.3137916667
F                                                        480
       -3.7529427083        4.6173645833        7.3137916667
F                                                        481
       -3.7529427083        7.3493645833       -9.0782083333
F                                                        482
       -1.0209427083       10.0813645833       -9.0782083333
F                                                        483
       -1.0209427083        7.3493645833       -6.3462083333
F                                                        484
       -3.7529427083        7.3493645833       -6.3462083333
F                                                        485
       -1.0209427083       10.0813645833       -6.3462083333
F                                                        486
       -3.7529427083       10.0813645833       -6.3462083333
F                                                        487
       -1.0209427083        7.3493645833       -9.0782083333
F                                                        488
       -3.7529427083       10.0813645833       -9.0782083333
F                                                        489
       -3.7529427083        7.3493645833       -3.6142083333
F                                                        490
       -1.0209427083       10.0813645833       -3.6142083333
F                                                        491
       -1.0209427083        7.3493645833       -0.8822083333
F                                                        492
       -3.7529427083        7.3493645833       -0.8822083333
F                                                        493
       -1.0209427083       10.0813645833       -0.8822083333
F                                                        494
       -3.7529427083       10.0813645833       -0.8822083333
F                                                        495
       -1.0209427083        7.3493645833       -3.6142083333
F                                                        496
       -3.7529427083       10.0813645833       -3.6142083333
F                                                        497
       -3.7529427083        7.3493645833        1.8497916667
F                                                        498
       -1.0209427083       10.0813645833        1.8497916667
F                                                        499
       -1.0209427083        7.3493645833        4.5817916667
F                                                        500
       -3.7529427083        7.3493645833        4.5817916667
F                                                        501
       -1.0209427083       10.0813645833        4.5817916667
F                                                        502
       -3.7529427083       10.0813645833        4.5817916667
F                                                        503
       -1.0209427083        7.3493645833        1.8497916667
F                                                        504
       -3.7529427083       10.0813645833        1.8497916667
F                                                        505
       -3.7529427083        7.3493645833        7.3137916667
F                                                        506
       -1.0209427083       10.0813645833        7.3137916667
F                                                        507
       -1.0209427083        7.3493645833       10.0457916667
F                                                        508
       -3.7529427083        7.3493645833       10.0457916667
F                                                        509
       -1.0209427083       10.0813645833       10.0457916667
F                                                        510
       -3.7529427083       10.0813645833       10.0457916667
F                                                        511
       -1.0209427083        7.3493645833        7.3137916667
F                                                        512
       -3.7529427083       10.0813645833        7.3137916667
F                                                        513
        1.7110572917       -9.0426354167       -9.0782083333
F                                                        514
        4.4430572917       -6.3106354167       -9.0782083333
F                                                        515
        4.4430572917       -9.0426354167       -6.3462083333
F                                                        516
        1.7110572917       -9.0426354167       -6.3462083333
F                                                        517
        4.4430572917       -6.3106354167       -6.3462083333
F                                                        518
        1.7110572917       -6.3106354167       -6.3462083333
F                                                        519
        4.4430572917       -9.0426354167       -9.0782083333
F                                                        520
        1.7110572917       -6.3106354167       -9.0782083333
F                                                        521
        1.7110572917       -9.0426354167       -3.6142083333
F                                                        522
        4.4430572917       -6.3106354167       -3.6142083333
F                                                        523
        4.4430572917       -9.0426354167       -0.8822083333
F                                                        524
        1.7110572917       -9.0426354167       -0.8822083333
F                                                        525
        4.4430572917       -6.3106354167       -0.8822083333
F                                                        526
        1.7110572917       -6.3106354167       -0.8822083333
F                                                        527
        4.4430572917       -9.0426354167       -3.6142083333
F                                                        528
        1.7110572917       -6.3106354167       -3.6142083333
F                                                        529
        1.7110572917       -9.0426354167        1.8497916667
F                                                        530
        4.4430572917       -6.3106354167        1.8497916667
F                                                        531
        4.4430572917       -9.0426354167        4.5817916667
F                                                        532
        1.7110572917       -9.0426354167        4.5817916667
F                                                        533
        4.4430572917       -6.3106354167        4.5817916667
F                                                        534
        1.7110572917       -6.3106354167        4.5817916667
F                                                        535
        4.4430572917       -9.0426354167        1.8497916667
F                                                        536
        1.7110572917       -6.3106354167        1.8497916667
F                                                        537
        1.7110572917       -9.0426354167        7.3137916667
F                                                        538
        4.4430572917       -6.3106354167        7.3137916667
F                                                        539
        4.4430572917       -9.0426354167       10.0457916667
F                                                        540
        1.7110572917       -9.0426354167       10.0457916667
F                                                        541
        4.4430572917       -6.3106354167       10.0457916667
F                                                        542
        1.7110572917       -6.3106354167       10.0457916667
F                                                        543
        4.4430572917       -9.0426354167        7.3137916667
F                                                        544
        1.7110572917       -6.3106354167        7.3137916667
F                                                        545
        1.7110572917       -3.5786354167       -9.0782083333
F                                                        546
        4.4430572917       -0.8466354167       -9.0782083333
F                                                        547
        4.4430572917       -3.5786354167       -6.3462083333
F                                                        548
        1.7110572917       -3.5786354167       -6.3462083333
F                                                        549
        4.4430572917       -0.8466354167       -6.3462083333
F                                                        550
        1.7110572917       -0.8466354167       -6.3462083333
F                                                        551
        4.4430572917       -3.5786354167       -9.0782083333
F                                                        552
        1.7110572917       -0.8466354167       -9.0782083333
F                                                        553
        1.7110572917       -3.5786354167       -3.6142083333
F                                                        554
        4.4430572917       -0.8466354167       -3.6142083333
F                                                        555
        4.4430572917       -3.5786354167       -0.8822083333
F                                                        556
        1.7110572917       -3.5786354167       -0.8822083333
F                                                        557
        4.4430572917       -0.8466354167       -0.8822083333
F                                                        558
        1.7110572917       -0.8466354167       -0.8822083333
F                                                        559
        4.4430572917       -3.5786354167       -3.6142083333
F                                                        560
        1.7110572917       -0.8466354167       -3.6142083333
F                                                        561
        1.7110572917       -3.5786354167        1.8497916667
F                                                        562
        4.4430572917       -0.8466354167        1.8497916667
F                                                        563
        4.4430572917       -3.5786354167        4.5817916667
F                                                        564
        1.7110572917       -3.5786354167        4.5817916667
F                                                        565
        4.4430572917       -0.8466354167        4.5817916667
F                                                        566
        1.7110572917       -0.8466354167        4.5817916667
F                                                        567
        4.4430572917       -3.5786354167        1.8497916667
F                                                        568
        1.7110572917       -0.8466354167        1.8497916667
F                                                        569
        1.7110572917       -3.5786354167        7.3137916667
F                                                        570
        4.4430572917       -0.8466354167        7.3137916667
F                                                        571
        4.4430572917       -3.5786354167       10.0457916667
F                                                        572
        1.7110572917       -3.5786354167       10.0457916667
F                                                        573
        4.4430572917       -0.8466354167       10.0457916667
F                                                        574
        1.7110572917       -0.8466354167       10.0457916667
F                                                        575
        4.4430572917       -3.5786354167        7.3137916667
F                                                        576
        1.7110572917       -0.8466354167        7.3137916667
F                                                        577
        1.7110572917        1.8853645833       -9.0782083333
F                                                        578
        4.4430572917        4.6173645833       -9.0782083333
F                                                        579
        4.4430572917        1.8853645833       -6.3462083333
F                                                        580
        1.7110572917        1.8853645833       -6.3462083333
F                                                        581
        4.4430572917        4.6173645833       -6.3462083333
F                                                        582
        1.7110572917        4.6173645833       -6.3462083333
F                                                        583
        4.4430572917        1.8853645833       -9.0782083333
F                                                        584
        1.7110572917        4.6173645833       -9.0782083333
F                                                        585
        1.7110572917        1.8853645833       -3.6142083333
F                                                        586
        4.4430572917        4.6173645833       -3.6142083333
F                                                        587
        4.4430572917        1.8853645833       -0.8822083333
F                                                        588
        1.7110572917        1.8853645833       -0.8822083333
F                                                        589
        4.4430572917        4.6173645833       -0.8822083333
F                                                        590
        1.7110572917        4.6173645833       -0.8822083333
F                                                        591
        4.4430572917        1.8853645833       -3.6142083333
F                                                        592
        1.7110572917        4.6173645833       -3.6142083333
F                                                        593
        1.7110572917        1.8853645833        1.8497916667
F                                                        594
        4.4430572917        4.6173645833        1.8497916667
F                                                        595
        4.4430572917        1.8853645833        4.5817916667
F                                                        596
        1.7110572917        1.8853645833        4.5817916667
F                                                        597
        4.4430572917        4.6173645833        4.5817916667
F                                                        598
        1.7110572917        4.6173645833        4.5817916667
F                                                        599
        4.4430572917        1.8853645833        1.8497916667
F                                                        600
        1.7110572917        4.6173645833        1.8497916667
F                                                        601
        1.7110572917        1.8853645833        7.3137916667
F                                                        602
        4.4430572917        4.6173645833        7.3137916667
F                                                        603
        4.4430572917        1.8853645833       10.0457916667
F                                                        604
        1.7110572917        1.8853645833       10.0457916667
F                                                        605
        4.4430572917        4.6173645833       10.0457916667
F                                                        606
        1.7110572917        4.6173645833       10.0457916667
F                                                        607
        4.4430572917        1.8853645833        7.3137916667
F                                                        608
        1.7110572917        4.6173645833        7.3137916667
F                                                        609
        1.7110572917        7.3493645833       -9.0782083333
F                                                        610
        4.4430572917       10.0813645833       -9.0782083333
F                                                        611
        4.4430572917        7.3493645833       -6.3462083333
F                                                        612
        1.7110572917        7.3493645833       -6.3462083333
F                                                        613
        4.4430572917       10.0813645833       -6.3462083333
F                                                        614
        1.7110572917       10.0813645833       -6.3462083333
F                                                        615
        4.4430572917        7.3493645833       -9.0782083333
F                                                        616
        1.7110572917       10.0813645833       -9.0782083333
F                                                        617
        1.7110572917        7.3493645833       -3.6142083333
F                                                        618
        4.4430572917       10.0813645833       -3.6142083333
F                                                        619
        4.4430572917        7.3493645833       -0.8822083333
F                                                        620
        1.7110572917        7.3493645833       -0.8822083333
F                                                        621
        4.4430572917       10.0813645833       -0.8822083333
F                                                        622
        1.7110572917       10.0813645833       -0.8822083333
F                                                        623
        4.4430572917        7.3493645833       -3.6142083333
F                                                        624
        1.7110572917       10.0813645833       -3.6142083333
F                                                        625
        1.7110572917        7.3493645833        1.8497916667
F                                                        626
        4.4430572917       10.0813645833        1.8497916667
F                                                        627
        4.4430572917        7.3493645833        4.5817916667
F                                                        628
        1.7110572917        7.3493645833        4.5817916667
F                                                        629
        4.4430572917       10.0813645833        4.5817916667
F                                                        630
        1.7110572917       10.0813645833        4.5817916667
F                                                        631
        4.4430572917        7.3493645833        1.8497916667
F                                                        632
        1.7110572917       10.0813645833        1.8497916667
F                                                        633
        1.7110572917        7.3493645833        7.3137916667
F                                                        634
        4.4430572917       10.0813645833        7.3137916667
F                                                        635
        4.4430572917        7.3493645833       10.0457916667
F                                                        636
        1.7110572917        7.3493645833       10.0457916667
F                                                        637
        4.4430572917       10.0813645833       10.0457916667
F                                                        638
        1.7110572917       10.0813645833       10.0457916667
F                                                        639
        4.4430572917        7.3493645833        7.3137916667
F                                                        640
        1.7110572917       10.0813645833        7.3137916667
F                                                        641
        7.1750572917       -9.0426354167       -9.0782083333
F                                                        642
        9.9070572917       -6.3106354167       -9.0782083333
F                                                        643
        9.9070572917       -9.0426354167       -6.3462083333
F                                                        644
        7.1750572917       -9.0426354167       -6.3462083333
F                                                        645
        9.9070572917       -6.3106354167       -6.3462083333
F                                                        646
        7.1750572917       -6.3106354167       -6.3462083333
F                                                        647
        9.9070572917       -9.0426354167       -9.0782083333
F                                                        648
        7.1750572917       -6.3106354167       -9.0782083333
F                                                        649
        7.1750572917       -9.0426354167       -3.6142083333
F                                                        650
        9.9070572917       -6.3106354167       -3.6142083333
F                                                        651
        9.9070572917       -9.0426354167       -0.8822083333
F                                                        652
        7.1750572917       -9.0426354167       -0.8822083333
F                                                        653
        9.9070572917       -6.3106354167       -0.8822083333
F                                                        654
        7.1750572917       -6.3106354167       -0.8822083333
F                                                        655
        9.9070572917       -9.0426354167       -3.6142083333
F                                                        656
        7.1750572917       -6.3106354167       -3.6142083333
F                                                        657
        7.1750572917       -9.0426354167        1.8497916667
F                                                        658
        9.9070572917       -6.3106354167        1.8497916667
F                                                        659
        9.9070572917       -9.0426354167        4.5817916667
F                                                        660
        7.1750572917       -9.0426354167        4.5817916667
F                                                        661
        9.9070572917       -6.3106354167        4.5817916667
F                                                        662
        7.1750572917       -6.3106354167        4.5817916667
F                                                        663
        9.9070572917       -9.0426354167        1.8497916667
F                                                        664
        7.1750572917       -6.3106354167        1.8497916667
F                                                        665
        7.1750572917       -9.0426354167        7.3137916667
F                                                        666
        9.9070572917       -6.3106354167        7.3137916667
F                                                        667
        9.9070572917       -9.0426354167       10.0457916667
F                                                        668
        7.1750572917       -9.0426354167       10.0457916667
F                                                        669
        9.9070572917       -6.3106354167       10.0457916667
F                                                        670
        7.1750572917       -6.3106354167       10.0457916667
F                                                        671
        9.9070572917       -9.0426354167        7.3137916667
F                                                        672
        7.1750572917       -6.3106354167        7.3137916667
F                                                        673
        7.1750572917       -3.5786354167       -9.0782083333
F                                                        674
        9.9070572917       -0.8466354167       -9.0782083333
F                                                        675
        9.9070572917       -3.5786354167       -6.3462083333
F                                                        676
        7.1750572917       -3.5786354167       -6.3462083333
F                                                        677
        9.9070572917       -0.8466354167       -6.3462083333
F                                                        678
        7.1750572917       -0.8466354167       -6.3462083333
F                                                        679
        9.9070572917       -3.5786354167       -9.0782083333
F                                                        680
        7.1750572917       -0.8466354167       -9.0782083333
F                                                        681
        7.1750572917       -3.5786354167       -3.6142083333
F                                                        682
        9.9070572917       -0.8466354167       -3.6142083333
F                                                        683
        9.9070572917       -3.5786354167       -0.8822083333
F                                                        684
        7.1750572917       -3.5786354167       -0.8822083333
F                                                        685
        9.9070572917       -0.8466354167       -0.8822083333
F                                                        686
        7.1750572917       -0.8466354167       -0.8822083333
F                                                        687
        9.9070572917       -3.5786354167       -3.6142083333
F                                                        688
        7.1750572917       -0.8466354167       -3.6142083333
F                                                        689
        7.1750572917       -3.5786354167        1.8497916667
F                                                        690
        9.9070572917       -0.8466354167        1.8497916667
F                                                        691
        9.9070572917       -3.5786354167        4.5817916667
F                                                        692
        7.1750572917       -3.5786354167        4.5817916667
F                                                        693
        9.9070572917       -0.8466354167        4.5817916667
F                                                        694
        7.1750572917       -0.8466354167        4.5817916667
F                                                        695
        9.9070572917       -3.5786354167        1.8497916667
F                                                        696
        7.1750572917       -0.8466354167        1.8497916667
F                                                        697
        7.1750572917       -3.5786354167        7.3137916667
F                                                        698
        9.9070572917       -0.8466354167        7.3137916667
F                                                        699
        9.9070572917       -3.5786354167       10.0457916667
F                                                        700
        7.1750572917       -3.5786354167       10.0457916667
F                                                        701
        9.9070572917       -0.8466354167       10.0457916667
F                                                        702
        7.1750572917       -0.8466354167       10.0457916667
F                                                        703
        9.9070572917       -3.5786354167        7.3137916667
F                                                        704
        7.1750572917       -0.8466354167        7.3137916667
F                                                        705
        7.1750572917        1.8853645833       -9.0782083333
F                                                        706
        9.9070572917        4.6173645833       -9.0782083333
F                                                        707
        9.9070572917        1.8853645833       -6.3462083333
F                                                        708
        7.1750572917        1.8853645833       -6.3462083333
F                                                        709
        9.9070572917        4.6173645833       -6.3462083333
F                                                        710
        7.1750572917        4.6173645833       -6.3462083333
F                                                        711
        9.9070572917        1.8853645833       -9.0782083333
F                                                        712
        7.1750572917        4.6173645833       -9.0782083333
F                                                        713
        7.1750572917        1.8853645833       -3.6142083333
F                                                        714
        9.9070572917        4.6173645833       -3.6142083333
F                                                        715
        9.9070572917        1.8853645833       -0.8822083333
F                                                        716
        7.1750572917        1.8853645833       -0.8822083333
F                                                        717
        9.9070572917        4.6173645833       -0.8822083333
F                                                        718
        7.1750572917        4.6173645833       -0.8822083333
F                                                        719
        9.9070572917        1.8853645833       -3.6142083333
F                                                        720
        7.1750572917        4.6173645833       -3.6142083333
F                                                        721
        7.1750572917        1.8853645833        1.8497916667
F                                                        722
        9.9070572917        4.6173645833        1.8497916667
F                                                        723
        9.9070572917        1.8853645833        4.5817916667
F                                                        724
        7.1750572917        1.8853645833        4.5817916667
F                                                        725
        9.9070572917        4.6173645833        4.5817916667
F                                                        726
        7.1750572917        4.6173645833        4.5817916667
F                                                        727
        9.9070572917        1.8853645833        1.8497916667
F                                                        728
        7.1750572917        4.6173645833        1.8497916667
F                                                        729
        7.1750572917        1.8853645833        7.3137916667
F                                                        730
        9.9070572917        4.6173645833        7.3137916667
F                                                        731
        9.9070572917        1.8853645833       10.0457916667
F                                                        732
        7.1750572917        1.8853645833       10.0457916667
F                                                        733
        9.9070572917        4.6173645833       10.0457916667
F                                                        734
        7.1750572917        4.6173645833       10.0457916667
F                                                        735
        9.9070572917        1.8853645833        7.3137916667
F                                                        736
        7.1750572917        4.6173645833        7.3137916667
F                                                        737
        7.1750572917        7.3493645833       -9.0782083333
F                                                        738
        9.9070572917       10.0813645833       -9.0782083333
F                                                        739
        9.9070572917        7.3493645833       -6.3462083333
F                                                        740
        7.1750572917        7.3493645833       -6.3462083333
F                                                        741
        9.9070572917       10.0813645833       -6.3462083333
F                                                        742
        7.1750572917       10.0813645833       -6.3462083333
F                                                        743
        9.9070572917        7.3493645833       -9.0782083333
F                                                        744
        7.1750572917       10.0813645833       -9.0782083333
F                                                        745
        7.1750572917        7.3493645833       -3.6142083333
F                                                        746
        9.9070572917       10.0813645833       -3.6142083333
F                                                        747
        9.9070572917        7.3493645833       -0.8822083333
F                                                        748
        7.1750572917        7.3493645833       -0.8822083333
F                                                        749
        9.9070572917       10.0813645833       -0.8822083333
F                                                        750
        7.1750572917       10.0813645833       -0.8822083333
F                                                        751
        9.9070572917        7.3493645833       -3.6142083333
F                                                        752
        7.1750572917       10.0813645833       -3.6142083333
F                                                        753
        7.1750572917        7.3493645833        1.8497916667
F                                                        754
        9.9070572917       10.0813645833        1.8497916667
F                                                        755
        9.9070572917        7.3493645833        4.5817916667
F                                                        756
        7.1750572917        7.3493645833        4.5817916667
F                                                        757
        9.9070572917       10.0813645833        4.5817916667
F                                                        758
        7.1750572917       10.0813645833        4.5817916667
F                                                        759
        9.9070572917        7.3493645833        1.8497916667
F                                                        760
        7.1750572917       10.0813645833        1.8497916667
F                                                        761
        7.1750572917        7.3493645833        7.3137916667
F                                                        762
        9.9070572917       10.0813645833        7.3137916667
F                                                        763
        9.9070572917        7.3493645833       10.0457916667
F                                                        764
        7.1750572917        7.3493645833       10.0457916667
F                                                        765
        9.9070572917       10.0813645833       10.0457916667
F                                                        766
        7.1750572917       10.0813645833       10.0457916667
F                                                        767
        9.9070572917        7.3493645833        7.3137916667
F                                                        768
        7.1750572917       10.0813645833        7.3137916667
