surfa_______________:       0.0000000000     0.0000000000    21.8560000000
         0         3
       21.8560000000        0.0000000000        0.0000000000
        0.0000000000       21.8560000000        0.0000000000
        0.0000000000        0.0000000000       21.8560000000
CA                                                         1
      -10.5746560694      -10.5746560694      -10.4088410405
CA                                                         2
       -7.8426560694      -10.5746560694       -7.6768410405
CA                                                         3
       -7.8426560694       -7.8426560694      -10.4088410405
CA                                                         4
      -10.5746560694      -10.5746560694       -4.9448410405
CA                                                         5
      -10.5746560694       -7.8426560694       -2.2128410405
CA                                                         6
       -7.8426560694      -10.5746560694       -2.2128410405
CA                                                         7
       -7.8426560694       -7.8426560694       -4.9448410405
CA                                                         8
      -10.5746560694      -10.5746560694        0.5191589595
CA                                                         9
       -7.8426560694      -10.5746560694        3.2511589595
CA                                                        10
       -7.8426560694       -7.8426560694        0.5191589595
CA                                                        11
      -10.5746560694       -7.8426560694        8.7151589595
CA                                                        12
       -7.8426560694      -10.5746560694        8.7151589595
CA                                                        13
       -7.8426560694       -7.8426560694        5.9831589595
CA                                                        14
      -10.5746560694       -5.1106560694      -10.4088410405
CA                                                        15
      -10.5746560694       -2.3786560694       -7.6768410405
CA                                                        16
       -7.8426560694       -2.3786560694      -10.4088410405
CA                                                        17
      -10.5746560694       -5.1106560694       -4.9448410405
CA                                                        18
      -10.5746560694       -2.3786560694       -2.2128410405
CA                                                        19
       -7.8426560694       -5.1106560694       -2.2128410405
CA                                                        20
       -7.8426560694       -2.3786560694       -4.9448410405
CA                                                        21
      -10.5746560694       -5.1106560694        0.5191589595
CA                                                        22
      -10.5746560694       -2.3786560694        3.2511589595
CA                                                        23
       -7.8426560694       -2.3786560694        0.5191589595
CA                                                        24
      -10.5746560694       -5.1106560694        5.9831589595
CA                                                        25
      -10.5746560694       -2.3786560694        8.7151589595
CA                                                        26
       -7.8426560694       -2.3786560694        5.9831589595
CA                                                        27
      -10.5746560694        0.3533439306      -10.4088410405
CA                                                        28
      -10.5746560694        3.0853439306       -7.6768410405
CA                                                        29
       -7.8426560694        0.3533439306       -7.6768410405
CA                                                        30
       -7.8426560694        3.0853439306      -10.4088410405
CA                                                        31
      -10.5746560694        0.3533439306       -4.9448410405
CA                                                        32
      -10.5746560694        3.0853439306       -2.2128410405
CA                                                        33
       -7.8426560694        0.3533439306       -2.2128410405
CA                                                        34
       -7.8426560694        3.0853439306       -4.9448410405
CA                                                        35
      -10.5746560694        0.3533439306        0.5191589595
CA                                                        36
      -10.5746560694        3.0853439306        3.2511589595
CA                                                        37
       -7.8426560694        0.3533439306        3.2511589595
CA                                                        38
       -7.8426560694        3.0853439306        0.5191589595
CA                                                        39
      -10.5746560694        0.3533439306        5.9831589595
CA                                                        40
      -10.5746560694        3.0853439306        8.7151589595
CA                                                        41
       -7.8426560694        0.3533439306        8.7151589595
CA                                                        42
       -7.8426560694        3.0853439306        5.9831589595
CA                                                        43
      -10.5746560694        5.8173439306      -10.4088410405
CA                                                        44
      -10.5746560694        8.5493439306       -7.6768410405
CA                                                        45
       -7.8426560694        5.8173439306       -7.6768410405
CA                                                        46
       -7.8426560694        8.5493439306      -10.4088410405
CA                                                        47
      -10.5746560694        5.8173439306       -4.9448410405
CA                                                        48
       -7.8426560694        5.8173439306       -2.2128410405
CA                                                        49
       -7.8426560694        8.5493439306       -4.9448410405
CA                                                        50
      -10.5746560694        5.8173439306        0.5191589595
CA                                                        51
      -10.5746560694        8.5493439306        3.2511589595
CA                                                        52
       -7.8426560694        5.8173439306        3.2511589595
CA                                                        53
       -7.8426560694        8.5493439306        0.5191589595
CA                                                        54
      -10.5746560694        8.5493439306        8.7151589595
CA                                                        55
       -7.8426560694        5.8173439306        8.7151589595
CA                                                        56
       -7.8426560694        8.5493439306        5.9831589595
CA                                                        57
       -5.1106560694      -10.5746560694      -10.4088410405
CA                                                        58
       -5.1106560694       -7.8426560694       -7.6768410405
CA                                                        59
       -2.3786560694      -10.5746560694       -7.6768410405
CA                                                        60
       -2.3786560694       -7.8426560694      -10.4088410405
CA                                                        61
       -5.1106560694      -10.5746560694       -4.9448410405
CA                                                        62
       -2.3786560694      -10.5746560694       -2.2128410405
CA                                                        63
       -2.3786560694       -7.8426560694       -4.9448410405
CA                                                        64
       -5.1106560694      -10.5746560694        0.5191589595
CA                                                        65
       -5.1106560694       -7.8426560694        3.2511589595
CA                                                        66
       -2.3786560694       -7.8426560694        0.5191589595
CA                                                        67
       -5.1106560694      -10.5746560694        5.9831589595
CA                                                        68
       -5.1106560694       -7.8426560694        8.7151589595
CA                                                        69
       -2.3786560694      -10.5746560694        8.7151589595
CA                                                        70
       -5.1106560694       -2.3786560694       -7.6768410405
CA                                                        71
       -2.3786560694       -5.1106560694       -7.6768410405
CA                                                        72
       -2.3786560694       -2.3786560694      -10.4088410405
CA                                                        73
       -5.1106560694       -5.1106560694       -4.9448410405
CA                                                        74
       -5.1106560694       -2.3786560694       -2.2128410405
CA                                                        75
       -2.3786560694       -5.1106560694       -2.2128410405
CA                                                        76
       -2.3786560694       -2.3786560694       -4.9448410405
CA                                                        77
       -5.1106560694       -5.1106560694        0.5191589595
CA                                                        78
       -5.1106560694       -2.3786560694        3.2511589595
CA                                                        79
       -2.3786560694       -5.1106560694        3.2511589595
CA                                                        80
       -2.3786560694       -2.3786560694        0.5191589595
CA                                                        81
       -5.1106560694       -5.1106560694        5.9831589595
CA                                                        82
       -5.1106560694       -2.3786560694        8.7151589595
CA                                                        83
       -2.3786560694       -5.1106560694        8.7151589595
CA                                                        84
       -2.3786560694       -2.3786560694        5.9831589595
CA                                                        85
       -5.1106560694        0.3533439306      -10.4088410405
CA                                                        86
       -5.1106560694        3.0853439306       -7.6768410405
CA                                                        87
       -2.3786560694        0.3533439306       -7.6768410405
CA                                                        88
       -2.3786560694        3.0853439306      -10.4088410405
CA                                                        89
       -5.1106560694        0.3533439306       -4.9448410405
CA                                                        90
       -5.1106560694        3.0853439306       -2.2128410405
CA                                                        91
       -2.3786560694        0.3533439306       -2.2128410405
CA                                                        92
       -2.3786560694        3.0853439306       -4.9448410405
CA                                                        93
       -5.1106560694        0.3533439306        0.5191589595
CA                                                        94
       -5.1106560694        3.0853439306        3.2511589595
CA                                                        95
       -2.3786560694        0.3533439306        3.2511589595
CA                                                        96
       -2.3786560694        3.0853439306        0.5191589595
CA                                                        97
       -5.1106560694        0.3533439306        5.9831589595
CA                                                        98
       -5.1106560694        3.0853439306        8.7151589595
CA                                                        99
       -2.3786560694        0.3533439306        8.7151589595
CA                                                       100
       -2.3786560694        3.0853439306        5.9831589595
CA                                                       101
       -5.1106560694        5.8173439306      -10.4088410405
CA                                                       102
       -5.1106560694        8.5493439306       -7.6768410405
CA                                                       103
       -2.3786560694        5.8173439306       -7.6768410405
CA                                                       104
       -2.3786560694        8.5493439306      -10.4088410405
CA                                                       105
       -5.1106560694        5.8173439306       -4.9448410405
CA                                                       106
       -2.3786560694        5.8173439306       -2.2128410405
CA                                                       107
       -2.3786560694        8.5493439306       -4.9448410405
CA                                                       108
       -5.1106560694        5.8173439306        0.5191589595
CA                                                       109
       -5.1106560694        8.5493439306        3.2511589595
CA                                                       110
       -2.3786560694        5.8173439306        3.2511589595
CA                                                       111
       -2.3786560694        8.5493439306        0.5191589595
CA                                                       112
       -5.1106560694        5.8173439306        5.9831589595
CA                                                       113
       -5.1106560694        8.5493439306        8.7151589595
CA                                                       114
       -2.3786560694        5.8173439306        8.7151589595
CA                                                       115
       -2.3786560694        8.5493439306        5.9831589595
CA                                                       116
        0.3533439306      -10.5746560694      -10.4088410405
CA                                                       117
        0.3533439306       -7.8426560694       -7.6768410405
CA                                                       118
        3.0853439306       -7.8426560694      -10.4088410405
CA                                                       119
        0.3533439306      -10.5746560694       -4.9448410405
CA                                                       120
        0.3533439306       -7.8426560694       -2.2128410405
CA                                                       121
        3.0853439306      -10.5746560694       -2.2128410405
CA                                                       122
        3.0853439306       -7.8426560694       -4.9448410405
CA                                                       123
        0.3533439306      -10.5746560694        0.5191589595
CA                                                       124
        0.3533439306       -7.8426560694        3.2511589595
CA                                                       125
        3.0853439306      -10.5746560694        3.2511589595
CA                                                       126
        3.0853439306       -7.8426560694        0.5191589595
CA                                                       127
        0.3533439306       -7.8426560694        8.7151589595
CA                                                       128
        3.0853439306      -10.5746560694        8.7151589595
CA                                                       129
        3.0853439306       -7.8426560694        5.9831589595
CA                                                       130
        0.3533439306       -5.1106560694      -10.4088410405
CA                                                       131
        0.3533439306       -2.3786560694       -7.6768410405
CA                                                       132
        3.0853439306       -5.1106560694       -7.6768410405
CA                                                       133
        3.0853439306       -2.3786560694      -10.4088410405
CA                                                       134
        0.3533439306       -5.1106560694       -4.9448410405
CA                                                       135
        0.3533439306       -2.3786560694       -2.2128410405
CA                                                       136
        3.0853439306       -5.1106560694       -2.2128410405
CA                                                       137
        3.0853439306       -2.3786560694       -4.9448410405
CA                                                       138
        0.3533439306       -5.1106560694        0.5191589595
CA                                                       139
        0.3533439306       -2.3786560694        3.2511589595
CA                                                       140
        3.0853439306       -5.1106560694        3.2511589595
CA                                                       141
        3.0853439306       -2.3786560694        0.5191589595
CA                                                       142
        0.3533439306       -5.1106560694        5.9831589595
CA                                                       143
        3.0853439306       -2.3786560694        5.9831589595
CA                                                       144
        0.3533439306        0.3533439306      -10.4088410405
CA                                                       145
        3.0853439306        3.0853439306      -10.4088410405
CA                                                       146
        0.3533439306        0.3533439306       -4.9448410405
CA                                                       147
        0.3533439306        3.0853439306       -2.2128410405
CA                                                       148
        3.0853439306        0.3533439306       -2.2128410405
CA                                                       149
        0.3533439306        0.3533439306        0.5191589595
CA                                                       150
        0.3533439306        3.0853439306        3.2511589595
CA                                                       151
        3.0853439306        0.3533439306        3.2511589595
CA                                                       152
        3.0853439306        3.0853439306        0.5191589595
CA                                                       153
        0.3533439306        3.0853439306        8.7151589595
CA                                                       154
        3.0853439306        0.3533439306        8.7151589595
CA                                                       155
        3.0853439306        3.0853439306        5.9831589595
CA                                                       156
        0.3533439306        5.8173439306      -10.4088410405
CA                                                       157
        0.3533439306        8.5493439306       -7.6768410405
CA                                                       158
        3.0853439306        5.8173439306       -7.6768410405
CA                                                       159
        3.0853439306        8.5493439306      -10.4088410405
CA                                                       160
        0.3533439306        5.8173439306       -4.9448410405
CA                                                       161
        0.3533439306        8.5493439306       -2.2128410405
CA                                                       162
        3.0853439306        5.8173439306       -2.2128410405
CA                                                       163
        3.0853439306        8.5493439306       -4.9448410405
CA                                                       164
        0.3533439306        5.8173439306        0.5191589595
CA                                                       165
        0.3533439306        8.5493439306        3.2511589595
CA                                                       166
        3.0853439306        5.8173439306        3.2511589595
CA                                                       167
        3.0853439306        8.5493439306        0.5191589595
CA                                                       168
        0.3533439306        5.8173439306        5.9831589595
CA                                                       169
        0.3533439306        8.5493439306        8.7151589595
CA                                                       170
        3.0853439306        5.8173439306        8.7151589595
CA                                                       171
        3.0853439306        8.5493439306        5.9831589595
CA                                                       172
        5.8173439306      -10.5746560694      -10.4088410405
CA                                                       173
        5.8173439306       -7.8426560694       -7.6768410405
CA                                                       174
        8.5493439306      -10.5746560694       -7.6768410405
CA                                                       175
        8.5493439306       -7.8426560694      -10.4088410405
CA                                                       176
        5.8173439306      -10.5746560694       -4.9448410405
CA                                                       177
        5.8173439306       -7.8426560694       -2.2128410405
CA                                                       178
        8.5493439306      -10.5746560694       -2.2128410405
CA                                                       179
        8.5493439306       -7.8426560694       -4.9448410405
CA                                                       180
        5.8173439306      -10.5746560694        0.5191589595
CA                                                       181
        5.8173439306       -7.8426560694        3.2511589595
CA                                                       182
        8.5493439306      -10.5746560694        3.2511589595
CA                                                       183
        8.5493439306       -7.8426560694        0.5191589595
CA                                                       184
        5.8173439306      -10.5746560694        5.9831589595
CA                                                       185
        5.8173439306       -7.8426560694        8.7151589595
CA                                                       186
        8.5493439306      -10.5746560694        8.7151589595
CA                                                       187
        8.5493439306       -7.8426560694        5.9831589595
CA                                                       188
        5.8173439306       -5.1106560694      -10.4088410405
CA                                                       189
        5.8173439306       -2.3786560694       -7.6768410405
CA                                                       190
        8.5493439306       -5.1106560694       -7.6768410405
CA                                                       191
        8.5493439306       -2.3786560694      -10.4088410405
CA                                                       192
        5.8173439306       -5.1106560694       -4.9448410405
CA                                                       193
        5.8173439306       -2.3786560694       -2.2128410405
CA                                                       194
        8.5493439306       -2.3786560694       -4.9448410405
CA                                                       195
        5.8173439306       -5.1106560694        0.5191589595
CA                                                       196
        5.8173439306       -2.3786560694        3.2511589595
CA                                                       197
        8.5493439306       -2.3786560694        0.5191589595
CA                                                       198
        5.8173439306       -5.1106560694        5.9831589595
CA                                                       199
        5.8173439306       -2.3786560694        8.7151589595
CA                                                       200
        8.5493439306       -5.1106560694        8.7151589595
CA                                                       201
        8.5493439306       -2.3786560694        5.9831589595
CA                                                       202
        5.8173439306        0.3533439306      -10.4088410405
CA                                                       203
        5.8173439306        3.0853439306       -7.6768410405
CA                                                       204
        8.5493439306        0.3533439306       -7.6768410405
CA                                                       205
        8.5493439306        3.0853439306      -10.4088410405
CA                                                       206
        5.8173439306        0.3533439306       -4.9448410405
CA                                                       207
        5.8173439306        3.0853439306       -2.2128410405
CA                                                       208
        8.5493439306        0.3533439306       -2.2128410405
CA                                                       209
        8.5493439306        3.0853439306       -4.9448410405
CA                                                       210
        5.8173439306        0.3533439306        0.5191589595
CA                                                       211
        5.8173439306        3.0853439306        3.2511589595
CA                                                       212
        8.5493439306        0.3533439306        3.2511589595
CA                                                       213
        8.5493439306        3.0853439306        0.5191589595
CA                                                       214
        5.8173439306        3.0853439306        8.7151589595
CA                                                       215
        8.5493439306        0.3533439306        8.7151589595
CA                                                       216
        8.5493439306        3.0853439306        5.9831589595
CA                                                       217
        5.8173439306        5.8173439306      -10.4088410405
CA                                                       218
        5.8173439306        8.5493439306       -7.6768410405
CA                                                       219
        8.5493439306        5.8173439306       -7.6768410405
CA                                                       220
        8.5493439306        8.5493439306      -10.4088410405
CA                                                       221
        5.8173439306        5.8173439306       -4.9448410405
CA                                                       222
        5.8173439306        8.5493439306       -2.2128410405
CA                                                       223
        8.5493439306        5.8173439306       -2.2128410405
CA                                                       224
        8.5493439306        8.5493439306       -4.9448410405
CA                                                       225
        5.8173439306        5.8173439306        0.5191589595
CA                                                       226
        5.8173439306        8.5493439306        3.2511589595
CA                                                       227
        8.5493439306        5.8173439306        3.2511589595
CA                                                       228
        5.8173439306        5.8173439306        5.9831589595
CA                                                       229
        5.8173439306        8.5493439306        8.7151589595
CA                                                       230
        8.5493439306        5.8173439306        8.7151589595
CA                                                       231
        8.5493439306        8.5493439306        5.9831589595
F                                                        232
       -9.2086560694       -9.2086560694       -9.0428410405
F                                                        233
       -6.4766560694       -6.4766560694       -9.0428410405
F                                                        234
       -6.4766560694       -9.2086560694       -6.3108410405
F                                                        235
       -9.2086560694       -9.2086560694       -6.3108410405
F                                                        236
       -6.4766560694       -6.4766560694       -6.3108410405
F                                                        237
       -6.4766560694       -9.2086560694       -9.0428410405
F                                                        238
       -9.2086560694       -6.4766560694       -9.0428410405
F                                                        239
       -6.4766560694       -6.4766560694       -3.5788410405
F                                                        240
       -6.4766560694       -9.2086560694       -0.8468410405
F                                                        241
       -9.2086560694       -9.2086560694       -0.8468410405
F                                                        242
       -9.2086560694       -6.4766560694       -0.8468410405
F                                                        243
       -6.4766560694       -9.2086560694       -3.5788410405
F                                                        244
       -9.2086560694       -6.4766560694       -3.5788410405
F                                                        245
       -9.2086560694       -9.2086560694        1.8851589595
F                                                        246
       -6.4766560694       -6.4766560694        1.8851589595
F                                                        247
       -6.4766560694       -9.2086560694        4.6171589595
F                                                        248
       -6.4766560694       -6.4766560694        4.6171589595
F                                                        249
       -9.2086560694       -6.4766560694        4.6171589595
F                                                        250
       -6.4766560694       -9.2086560694        1.8851589595
F                                                        251
       -9.2086560694       -6.4766560694        1.8851589595
F                                                        252
       -6.4766560694       -6.4766560694        7.3491589595
F                                                        253
       -6.4766560694       -9.2086560694       10.0811589595
F                                                        254
       -9.2086560694       -9.2086560694       10.0811589595
F                                                        255
       -6.4766560694       -6.4766560694       10.0811589595
F                                                        256
       -9.2086560694       -6.4766560694       10.0811589595
F                                                        257
       -6.4766560694       -9.2086560694        7.3491589595
F                                                        258
       -9.2086560694       -6.4766560694        7.3491589595
F                                                        259
       -9.2086560694       -3.7446560694       -9.0428410405
F                                                        260
       -6.4766560694       -1.0126560694       -9.0428410405
F                                                        261
       -6.4766560694       -3.7446560694       -6.3108410405
F                                                        262
       -6.4766560694       -1.0126560694       -6.3108410405
F                                                        263
       -9.2086560694       -1.0126560694       -6.3108410405
F                                                        264
       -6.4766560694       -3.7446560694       -9.0428410405
F                                                        265
       -9.2086560694       -1.0126560694       -9.0428410405
F                                                        266
       -9.2086560694       -3.7446560694       -3.5788410405
F                                                        267
       -6.4766560694       -1.0126560694       -3.5788410405
F                                                        268
       -6.4766560694       -3.7446560694       -0.8468410405
F                                                        269
       -9.2086560694       -3.7446560694       -0.8468410405
F                                                        270
       -6.4766560694       -1.0126560694       -0.8468410405
F                                                        271
       -9.2086560694       -1.0126560694       -0.8468410405
F                                                        272
       -6.4766560694       -3.7446560694       -3.5788410405
F                                                        273
       -9.2086560694       -1.0126560694       -3.5788410405
F                                                        274
       -9.2086560694       -3.7446560694        1.8851589595
F                                                        275
       -6.4766560694       -1.0126560694        1.8851589595
F                                                        276
       -6.4766560694       -3.7446560694        4.6171589595
F                                                        277
       -9.2086560694       -3.7446560694        4.6171589595
F                                                        278
       -9.2086560694       -1.0126560694        4.6171589595
F                                                        279
       -6.4766560694       -3.7446560694        1.8851589595
F                                                        280
       -9.2086560694       -1.0126560694        1.8851589595
F                                                        281
       -9.2086560694       -3.7446560694        7.3491589595
F                                                        282
       -6.4766560694       -1.0126560694        7.3491589595
F                                                        283
       -6.4766560694       -3.7446560694       10.0811589595
F                                                        284
       -9.2086560694       -3.7446560694       10.0811589595
F                                                        285
       -6.4766560694       -1.0126560694       10.0811589595
F                                                        286
       -9.2086560694       -1.0126560694       10.0811589595
F                                                        287
       -6.4766560694       -3.7446560694        7.3491589595
F                                                        288
       -9.2086560694       -1.0126560694        7.3491589595
F                                                        289
       -9.2086560694        1.7193439306       -9.0428410405
F                                                        290
       -6.4766560694        4.4513439306       -9.0428410405
F                                                        291
       -6.4766560694        1.7193439306       -6.3108410405
F                                                        292
       -9.2086560694        1.7193439306       -6.3108410405
F                                                        293
       -6.4766560694        4.4513439306       -6.3108410405
F                                                        294
       -9.2086560694        4.4513439306       -6.3108410405
F                                                        295
       -6.4766560694        1.7193439306       -9.0428410405
F                                                        296
       -9.2086560694        4.4513439306       -9.0428410405
F                                                        297
       -9.2086560694        1.7193439306       -3.5788410405
F                                                        298
       -6.4766560694        4.4513439306       -3.5788410405
F                                                        299
       -6.4766560694        1.7193439306       -0.8468410405
F                                                        300
       -9.2086560694        1.7193439306       -0.8468410405
F                                                        301
       -6.4766560694        4.4513439306       -0.8468410405
F                                                        302
       -9.2086560694        4.4513439306       -0.8468410405
F                                                        303
       -6.4766560694        1.7193439306       -3.5788410405
F                                                        304
       -9.2086560694        4.4513439306       -3.5788410405
F                                                        305
       -6.4766560694        4.4513439306        1.8851589595
F                                                        306
       -6.4766560694        1.7193439306        4.6171589595
F                                                        307
       -9.2086560694        1.7193439306        4.6171589595
F                                                        308
       -9.2086560694        4.4513439306        4.6171589595
F                                                        309
       -6.4766560694        1.7193439306        1.8851589595
F                                                        310
       -9.2086560694        4.4513439306        1.8851589595
F                                                        311
       -9.2086560694        1.7193439306        7.3491589595
F                                                        312
       -6.4766560694        1.7193439306       10.0811589595
F                                                        313
       -9.2086560694        1.7193439306       10.0811589595
F                                                        314
       -6.4766560694        4.4513439306       10.0811589595
F                                                        315
       -9.2086560694        4.4513439306       10.0811589595
F                                                        316
       -6.4766560694        1.7193439306        7.3491589595
F                                                        317
       -9.2086560694        4.4513439306        7.3491589595
F                                                        318
       -9.2086560694        7.1833439306       -9.0428410405
F                                                        319
       -6.4766560694        9.9153439306       -9.0428410405
F                                                        320
       -6.4766560694        7.1833439306       -6.3108410405
F                                                        321
       -6.4766560694        9.9153439306       -6.3108410405
F                                                        322
       -9.2086560694        9.9153439306       -6.3108410405
F                                                        323
       -6.4766560694        7.1833439306       -9.0428410405
F                                                        324
       -9.2086560694        9.9153439306       -9.0428410405
F                                                        325
       -9.2086560694        7.1833439306       -3.5788410405
F                                                        326
       -6.4766560694        9.9153439306       -3.5788410405
F                                                        327
       -6.4766560694        7.1833439306       -0.8468410405
F                                                        328
       -9.2086560694        7.1833439306       -0.8468410405
F                                                        329
       -9.2086560694        9.9153439306       -0.8468410405
F                                                        330
       -6.4766560694        7.1833439306       -3.5788410405
F                                                        331
       -9.2086560694        9.9153439306       -3.5788410405
F                                                        332
       -6.4766560694        9.9153439306        1.8851589595
F                                                        333
       -9.2086560694        7.1833439306        4.6171589595
F                                                        334
       -6.4766560694        9.9153439306        4.6171589595
F                                                        335
       -9.2086560694        9.9153439306        4.6171589595
F                                                        336
       -6.4766560694        7.1833439306        1.8851589595
F                                                        337
       -9.2086560694        7.1833439306        7.3491589595
F                                                        338
       -6.4766560694        9.9153439306        7.3491589595
F                                                        339
       -6.4766560694        7.1833439306       10.0811589595
F                                                        340
       -9.2086560694        7.1833439306       10.0811589595
F                                                        341
       -6.4766560694        9.9153439306       10.0811589595
F                                                        342
       -6.4766560694        7.1833439306        7.3491589595
F                                                        343
       -3.7446560694       -9.2086560694       -9.0428410405
F                                                        344
       -1.0126560694       -6.4766560694       -9.0428410405
F                                                        345
       -1.0126560694       -9.2086560694       -6.3108410405
F                                                        346
       -3.7446560694       -9.2086560694       -6.3108410405
F                                                        347
       -1.0126560694       -6.4766560694       -6.3108410405
F                                                        348
       -3.7446560694       -6.4766560694       -6.3108410405
F                                                        349
       -1.0126560694       -9.2086560694       -9.0428410405
F                                                        350
       -3.7446560694       -6.4766560694       -9.0428410405
F                                                        351
       -3.7446560694       -9.2086560694       -3.5788410405
F                                                        352
       -1.0126560694       -6.4766560694       -3.5788410405
F                                                        353
       -1.0126560694       -9.2086560694       -0.8468410405
F                                                        354
       -3.7446560694       -9.2086560694       -0.8468410405
F                                                        355
       -1.0126560694       -6.4766560694       -0.8468410405
F                                                        356
       -1.0126560694       -9.2086560694       -3.5788410405
F                                                        357
       -3.7446560694       -6.4766560694       -3.5788410405
F                                                        358
       -3.7446560694       -9.2086560694        1.8851589595
F                                                        359
       -1.0126560694       -6.4766560694        1.8851589595
F                                                        360
       -1.0126560694       -9.2086560694        4.6171589595
F                                                        361
       -3.7446560694       -9.2086560694        4.6171589595
F                                                        362
       -1.0126560694       -6.4766560694        4.6171589595
F                                                        363
       -3.7446560694       -6.4766560694        4.6171589595
F                                                        364
       -1.0126560694       -9.2086560694        1.8851589595
F                                                        365
       -3.7446560694       -6.4766560694        1.8851589595
F                                                        366
       -1.0126560694       -6.4766560694        7.3491589595
F                                                        367
       -1.0126560694       -9.2086560694       10.0811589595
F                                                        368
       -3.7446560694       -9.2086560694       10.0811589595
F                                                        369
       -1.0126560694       -6.4766560694       10.0811589595
F                                                        370
       -3.7446560694       -6.4766560694       10.0811589595
F                                                        371
       -1.0126560694       -9.2086560694        7.3491589595
F                                                        372
       -3.7446560694       -6.4766560694        7.3491589595
F                                                        373
       -3.7446560694       -3.7446560694       -9.0428410405
F                                                        374
       -3.7446560694       -3.7446560694       -6.3108410405
F                                                        375
       -1.0126560694       -1.0126560694       -6.3108410405
F                                                        376
       -3.7446560694       -1.0126560694       -6.3108410405
F                                                        377
       -1.0126560694       -3.7446560694       -9.0428410405
F                                                        378
       -3.7446560694       -1.0126560694       -9.0428410405
F                                                        379
       -1.0126560694       -1.0126560694       -3.5788410405
F                                                        380
       -3.7446560694       -3.7446560694       -0.8468410405
F                                                        381
       -1.0126560694       -1.0126560694       -0.8468410405
F                                                        382
       -1.0126560694       -3.7446560694       -3.5788410405
F                                                        383
       -3.7446560694       -1.0126560694       -3.5788410405
F                                                        384
       -3.7446560694       -3.7446560694        1.8851589595
F                                                        385
       -1.0126560694       -1.0126560694        1.8851589595
F                                                        386
       -1.0126560694       -3.7446560694        4.6171589595
F                                                        387
       -3.7446560694       -3.7446560694        4.6171589595
F                                                        388
       -1.0126560694       -1.0126560694        4.6171589595
F                                                        389
       -3.7446560694       -1.0126560694        4.6171589595
F                                                        390
       -1.0126560694       -3.7446560694        1.8851589595
F                                                        391
       -3.7446560694       -3.7446560694        7.3491589595
F                                                        392
       -1.0126560694       -1.0126560694        7.3491589595
F                                                        393
       -1.0126560694       -3.7446560694       10.0811589595
F                                                        394
       -3.7446560694       -3.7446560694       10.0811589595
F                                                        395
       -1.0126560694       -1.0126560694       10.0811589595
F                                                        396
       -3.7446560694       -1.0126560694       10.0811589595
F                                                        397
       -1.0126560694       -3.7446560694        7.3491589595
F                                                        398
       -3.7446560694       -1.0126560694        7.3491589595
F                                                        399
       -3.7446560694        1.7193439306       -9.0428410405
F                                                        400
       -1.0126560694        4.4513439306       -9.0428410405
F                                                        401
       -1.0126560694        1.7193439306       -6.3108410405
F                                                        402
       -3.7446560694        1.7193439306       -6.3108410405
F                                                        403
       -1.0126560694        4.4513439306       -6.3108410405
F                                                        404
       -3.7446560694        4.4513439306       -6.3108410405
F                                                        405
       -1.0126560694        1.7193439306       -9.0428410405
F                                                        406
       -3.7446560694        4.4513439306       -9.0428410405
F                                                        407
       -3.7446560694        1.7193439306       -3.5788410405
F                                                        408
       -1.0126560694        4.4513439306       -3.5788410405
F                                                        409
       -3.7446560694        1.7193439306       -0.8468410405
F                                                        410
       -1.0126560694        4.4513439306       -0.8468410405
F                                                        411
       -3.7446560694        4.4513439306       -0.8468410405
F                                                        412
       -1.0126560694        1.7193439306       -3.5788410405
F                                                        413
       -3.7446560694        4.4513439306       -3.5788410405
F                                                        414
       -3.7446560694        1.7193439306        1.8851589595
F                                                        415
       -1.0126560694        4.4513439306        1.8851589595
F                                                        416
       -1.0126560694        1.7193439306        4.6171589595
F                                                        417
       -3.7446560694        1.7193439306        4.6171589595
F                                                        418
       -1.0126560694        4.4513439306        4.6171589595
F                                                        419
       -3.7446560694        4.4513439306        4.6171589595
F                                                        420
       -1.0126560694        1.7193439306        1.8851589595
F                                                        421
       -3.7446560694        4.4513439306        1.8851589595
F                                                        422
       -3.7446560694        1.7193439306        7.3491589595
F                                                        423
       -1.0126560694        4.4513439306        7.3491589595
F                                                        424
       -1.0126560694        1.7193439306       10.0811589595
F                                                        425
       -3.7446560694        1.7193439306       10.0811589595
F                                                        426
       -1.0126560694        4.4513439306       10.0811589595
F                                                        427
       -3.7446560694        4.4513439306       10.0811589595
F                                                        428
       -1.0126560694        1.7193439306        7.3491589595
F                                                        429
       -3.7446560694        4.4513439306        7.3491589595
F                                                        430
       -3.7446560694        7.1833439306       -9.0428410405
F                                                        431
       -1.0126560694        9.9153439306       -9.0428410405
F                                                        432
       -1.0126560694        7.1833439306       -6.3108410405
F                                                        433
       -3.7446560694        7.1833439306       -6.3108410405
F                                                        434
       -1.0126560694        9.9153439306       -6.3108410405
F                                                        435
       -3.7446560694        9.9153439306       -6.3108410405
F                                                        436
       -1.0126560694        7.1833439306       -9.0428410405
F                                                        437
       -3.7446560694        9.9153439306       -9.0428410405
F                                                        438
       -3.7446560694        7.1833439306       -3.5788410405
F                                                        439
       -1.0126560694        9.9153439306       -3.5788410405
F                                                        440
       -1.0126560694        7.1833439306       -0.8468410405
F                                                        441
       -3.7446560694        7.1833439306       -0.8468410405
F                                                        442
       -1.0126560694        9.9153439306       -0.8468410405
F                                                        443
       -3.7446560694        9.9153439306       -0.8468410405
F                                                        444
       -1.0126560694        7.1833439306       -3.5788410405
F                                                        445
       -3.7446560694        9.9153439306       -3.5788410405
F                                                        446
       -3.7446560694        7.1833439306        1.8851589595
F                                                        447
       -1.0126560694        9.9153439306        1.8851589595
F                                                        448
       -1.0126560694        7.1833439306        4.6171589595
F                                                        449
       -3.7446560694        7.1833439306        4.6171589595
F                                                        450
       -1.0126560694        9.9153439306        4.6171589595
F                                                        451
       -3.7446560694        9.9153439306        4.6171589595
F                                                        452
       -1.0126560694        7.1833439306        1.8851589595
F                                                        453
       -3.7446560694        9.9153439306        1.8851589595
F                                                        454
       -3.7446560694        7.1833439306        7.3491589595
F                                                        455
       -1.0126560694        9.9153439306        7.3491589595
F                                                        456
       -1.0126560694        7.1833439306       10.0811589595
F                                                        457
       -1.0126560694        9.9153439306       10.0811589595
F                                                        458
       -3.7446560694        9.9153439306       10.0811589595
F                                                        459
       -1.0126560694        7.1833439306        7.3491589595
F                                                        460
       -3.7446560694        9.9153439306        7.3491589595
F                                                        461
        1.7193439306       -9.2086560694       -9.0428410405
F                                                        462
        4.4513439306       -6.4766560694       -9.0428410405
F                                                        463
        4.4513439306       -9.2086560694       -6.3108410405
F                                                        464
        1.7193439306       -9.2086560694       -6.3108410405
F                                                        465
        4.4513439306       -6.4766560694       -6.3108410405
F                                                        466
        4.4513439306       -9.2086560694       -9.0428410405
F                                                        467
        1.7193439306       -6.4766560694       -9.0428410405
F                                                        468
        1.7193439306       -9.2086560694       -3.5788410405
F                                                        469
        4.4513439306       -6.4766560694       -3.5788410405
F                                                        470
        4.4513439306       -9.2086560694       -0.8468410405
F                                                        471
        1.7193439306       -9.2086560694       -0.8468410405
F                                                        472
        4.4513439306       -6.4766560694       -0.8468410405
F                                                        473
        1.7193439306       -6.4766560694       -0.8468410405
F                                                        474
        1.7193439306       -9.2086560694        1.8851589595
F                                                        475
        4.4513439306       -6.4766560694        1.8851589595
F                                                        476
        4.4513439306       -9.2086560694        4.6171589595
F                                                        477
        1.7193439306       -9.2086560694        4.6171589595
F                                                        478
        4.4513439306       -6.4766560694        4.6171589595
F                                                        479
        1.7193439306       -6.4766560694        4.6171589595
F                                                        480
        4.4513439306       -9.2086560694        1.8851589595
F                                                        481
        1.7193439306       -6.4766560694        1.8851589595
F                                                        482
        1.7193439306       -9.2086560694        7.3491589595
F                                                        483
        4.4513439306       -6.4766560694        7.3491589595
F                                                        484
        4.4513439306       -9.2086560694       10.0811589595
F                                                        485
        4.4513439306       -6.4766560694       10.0811589595
F                                                        486
        1.7193439306       -6.4766560694       10.0811589595
F                                                        487
        4.4513439306       -9.2086560694        7.3491589595
F                                                        488
        1.7193439306       -6.4766560694        7.3491589595
F                                                        489
        1.7193439306       -3.7446560694       -9.0428410405
F                                                        490
        4.4513439306       -1.0126560694       -9.0428410405
F                                                        491
        4.4513439306       -3.7446560694       -6.3108410405
F                                                        492
        1.7193439306       -3.7446560694       -6.3108410405
F                                                        493
        4.4513439306       -1.0126560694       -6.3108410405
F                                                        494
        1.7193439306       -1.0126560694       -6.3108410405
F                                                        495
        4.4513439306       -3.7446560694       -9.0428410405
F                                                        496
        1.7193439306       -1.0126560694       -9.0428410405
F                                                        497
        1.7193439306       -3.7446560694       -3.5788410405
F                                                        498
        4.4513439306       -1.0126560694       -3.5788410405
F                                                        499
        4.4513439306       -3.7446560694       -0.8468410405
F                                                        500
        1.7193439306       -3.7446560694       -0.8468410405
F                                                        501
        4.4513439306       -1.0126560694       -0.8468410405
F                                                        502
        4.4513439306       -3.7446560694       -3.5788410405
F                                                        503
        1.7193439306       -1.0126560694       -3.5788410405
F                                                        504
        1.7193439306       -3.7446560694        1.8851589595
F                                                        505
        4.4513439306       -1.0126560694        1.8851589595
F                                                        506
        1.7193439306       -3.7446560694        4.6171589595
F                                                        507
        4.4513439306       -1.0126560694        4.6171589595
F                                                        508
        1.7193439306       -1.0126560694        4.6171589595
F                                                        509
        4.4513439306       -3.7446560694        1.8851589595
F                                                        510
        1.7193439306       -1.0126560694        1.8851589595
F                                                        511
        1.7193439306       -3.7446560694        7.3491589595
F                                                        512
        4.4513439306       -1.0126560694        7.3491589595
F                                                        513
        4.4513439306       -3.7446560694       10.0811589595
F                                                        514
        1.7193439306       -3.7446560694       10.0811589595
F                                                        515
        4.4513439306       -1.0126560694       10.0811589595
F                                                        516
        1.7193439306       -1.0126560694       10.0811589595
F                                                        517
        4.4513439306       -3.7446560694        7.3491589595
F                                                        518
        1.7193439306       -1.0126560694        7.3491589595
F                                                        519
        1.7193439306        1.7193439306       -9.0428410405
F                                                        520
        4.4513439306        1.7193439306       -6.3108410405
F                                                        521
        1.7193439306        1.7193439306       -6.3108410405
F                                                        522
        4.4513439306        4.4513439306       -6.3108410405
F                                                        523
        1.7193439306        4.4513439306       -6.3108410405
F                                                        524
        4.4513439306        1.7193439306       -9.0428410405
F                                                        525
        1.7193439306        4.4513439306       -9.0428410405
F                                                        526
        1.7193439306        1.7193439306       -3.5788410405
F                                                        527
        4.4513439306        4.4513439306       -3.5788410405
F                                                        528
        4.4513439306        1.7193439306       -0.8468410405
F                                                        529
        1.7193439306        1.7193439306       -0.8468410405
F                                                        530
        4.4513439306        4.4513439306       -0.8468410405
F                                                        531
        1.7193439306        4.4513439306       -0.8468410405
F                                                        532
        4.4513439306        1.7193439306       -3.5788410405
F                                                        533
        1.7193439306        4.4513439306       -3.5788410405
F                                                        534
        1.7193439306        1.7193439306        1.8851589595
F                                                        535
        4.4513439306        4.4513439306        1.8851589595
F                                                        536
        4.4513439306        1.7193439306        4.6171589595
F                                                        537
        1.7193439306        1.7193439306        4.6171589595
F                                                        538
        4.4513439306        4.4513439306        4.6171589595
F                                                        539
        1.7193439306        4.4513439306        4.6171589595
F                                                        540
        4.4513439306        1.7193439306        1.8851589595
F                                                        541
        1.7193439306        4.4513439306        1.8851589595
F                                                        542
        1.7193439306        1.7193439306        7.3491589595
F                                                        543
        4.4513439306        4.4513439306        7.3491589595
F                                                        544
        4.4513439306        1.7193439306       10.0811589595
F                                                        545
        1.7193439306        1.7193439306       10.0811589595
F                                                        546
        4.4513439306        4.4513439306       10.0811589595
F                                                        547
        1.7193439306        4.4513439306       10.0811589595
F                                                        548
        4.4513439306        1.7193439306        7.3491589595
F                                                        549
        1.7193439306        4.4513439306        7.3491589595
F                                                        550
        1.7193439306        7.1833439306       -9.0428410405
F                                                        551
        4.4513439306        9.9153439306       -9.0428410405
F                                                        552
        1.7193439306        7.1833439306       -6.3108410405
F                                                        553
        4.4513439306        9.9153439306       -6.3108410405
F                                                        554
        4.4513439306        7.1833439306       -9.0428410405
F                                                        555
        1.7193439306        9.9153439306       -9.0428410405
F                                                        556
        1.7193439306        7.1833439306       -3.5788410405
F                                                        557
        4.4513439306        9.9153439306       -3.5788410405
F                                                        558
        4.4513439306        7.1833439306       -0.8468410405
F                                                        559
        1.7193439306        7.1833439306       -0.8468410405
F                                                        560
        4.4513439306        9.9153439306       -0.8468410405
F                                                        561
        1.7193439306        9.9153439306       -0.8468410405
F                                                        562
        4.4513439306        7.1833439306       -3.5788410405
F                                                        563
        1.7193439306        9.9153439306       -3.5788410405
F                                                        564
        4.4513439306        9.9153439306        1.8851589595
F                                                        565
        4.4513439306        7.1833439306        4.6171589595
F                                                        566
        1.7193439306        7.1833439306        4.6171589595
F                                                        567
        4.4513439306        9.9153439306        4.6171589595
F                                                        568
        4.4513439306        7.1833439306        1.8851589595
F                                                        569
        1.7193439306        9.9153439306        1.8851589595
F                                                        570
        1.7193439306        7.1833439306        7.3491589595
F                                                        571
        4.4513439306        9.9153439306        7.3491589595
F                                                        572
        4.4513439306        7.1833439306       10.0811589595
F                                                        573
        1.7193439306        7.1833439306       10.0811589595
F                                                        574
        4.4513439306        9.9153439306       10.0811589595
F                                                        575
        1.7193439306        9.9153439306       10.0811589595
F                                                        576
        4.4513439306        7.1833439306        7.3491589595
F                                                        577
        1.7193439306        9.9153439306        7.3491589595
F                                                        578
        7.1833439306       -9.2086560694       -9.0428410405
F                                                        579
        9.9153439306       -6.4766560694       -9.0428410405
F                                                        580
        9.9153439306       -9.2086560694       -6.3108410405
F                                                        581
        7.1833439306       -9.2086560694       -6.3108410405
F                                                        582
        7.1833439306       -6.4766560694       -6.3108410405
F                                                        583
        9.9153439306       -9.2086560694       -9.0428410405
F                                                        584
        7.1833439306       -6.4766560694       -9.0428410405
F                                                        585
        7.1833439306       -9.2086560694       -3.5788410405
F                                                        586
        9.9153439306       -6.4766560694       -3.5788410405
F                                                        587
        9.9153439306       -9.2086560694       -0.8468410405
F                                                        588
        7.1833439306       -9.2086560694       -0.8468410405
F                                                        589
        9.9153439306       -6.4766560694       -0.8468410405
F                                                        590
        9.9153439306       -9.2086560694       -3.5788410405
F                                                        591
        7.1833439306       -6.4766560694       -3.5788410405
F                                                        592
        7.1833439306       -9.2086560694        1.8851589595
F                                                        593
        9.9153439306       -6.4766560694        1.8851589595
F                                                        594
        9.9153439306       -9.2086560694        4.6171589595
F                                                        595
        7.1833439306       -9.2086560694        4.6171589595
F                                                        596
        9.9153439306       -6.4766560694        4.6171589595
F                                                        597
        9.9153439306       -9.2086560694        1.8851589595
F                                                        598
        7.1833439306       -6.4766560694        1.8851589595
F                                                        599
        7.1833439306       -9.2086560694        7.3491589595
F                                                        600
        9.9153439306       -6.4766560694        7.3491589595
F                                                        601
        9.9153439306       -9.2086560694       10.0811589595
F                                                        602
        7.1833439306       -9.2086560694       10.0811589595
F                                                        603
        9.9153439306       -6.4766560694       10.0811589595
F                                                        604
        7.1833439306       -6.4766560694       10.0811589595
F                                                        605
        7.1833439306       -3.7446560694       -9.0428410405
F                                                        606
        9.9153439306       -1.0126560694       -9.0428410405
F                                                        607
        9.9153439306       -3.7446560694       -6.3108410405
F                                                        608
        7.1833439306       -3.7446560694       -6.3108410405
F                                                        609
        9.9153439306       -1.0126560694       -6.3108410405
F                                                        610
        7.1833439306       -1.0126560694       -6.3108410405
F                                                        611
        9.9153439306       -3.7446560694       -9.0428410405
F                                                        612
        7.1833439306       -3.7446560694       -3.5788410405
F                                                        613
        9.9153439306       -1.0126560694       -3.5788410405
F                                                        614
        9.9153439306       -3.7446560694       -0.8468410405
F                                                        615
        7.1833439306       -3.7446560694       -0.8468410405
F                                                        616
        9.9153439306       -1.0126560694       -0.8468410405
F                                                        617
        7.1833439306       -1.0126560694       -0.8468410405
F                                                        618
        9.9153439306       -3.7446560694       -3.5788410405
F                                                        619
        7.1833439306       -1.0126560694       -3.5788410405
F                                                        620
        7.1833439306       -3.7446560694        1.8851589595
F                                                        621
        9.9153439306       -3.7446560694        4.6171589595
F                                                        622
        7.1833439306       -3.7446560694        4.6171589595
F                                                        623
        9.9153439306       -1.0126560694        4.6171589595
F                                                        624
        7.1833439306       -1.0126560694        4.6171589595
F                                                        625
        9.9153439306       -3.7446560694        1.8851589595
F                                                        626
        7.1833439306       -1.0126560694        1.8851589595
F                                                        627
        7.1833439306       -3.7446560694        7.3491589595
F                                                        628
        9.9153439306       -1.0126560694        7.3491589595
F                                                        629
        9.9153439306       -3.7446560694       10.0811589595
F                                                        630
        7.1833439306       -3.7446560694       10.0811589595
F                                                        631
        9.9153439306       -1.0126560694       10.0811589595
F                                                        632
        9.9153439306       -3.7446560694        7.3491589595
F                                                        633
        7.1833439306       -1.0126560694        7.3491589595
F                                                        634
        7.1833439306        1.7193439306       -9.0428410405
F                                                        635
        9.9153439306        4.4513439306       -9.0428410405
F                                                        636
        9.9153439306        1.7193439306       -6.3108410405
F                                                        637
        7.1833439306        1.7193439306       -6.3108410405
F                                                        638
        9.9153439306        4.4513439306       -6.3108410405
F                                                        639
        7.1833439306        4.4513439306       -6.3108410405
F                                                        640
        9.9153439306        1.7193439306       -9.0428410405
F                                                        641
        7.1833439306        4.4513439306       -9.0428410405
F                                                        642
        7.1833439306        1.7193439306       -3.5788410405
F                                                        643
        9.9153439306        4.4513439306       -3.5788410405
F                                                        644
        9.9153439306        1.7193439306       -0.8468410405
F                                                        645
        7.1833439306        1.7193439306       -0.8468410405
F                                                        646
        9.9153439306        4.4513439306       -0.8468410405
F                                                        647
        7.1833439306        4.4513439306       -0.8468410405
F                                                        648
        7.1833439306        4.4513439306       -3.5788410405
F                                                        649
        7.1833439306        1.7193439306        1.8851589595
F                                                        650
        9.9153439306        4.4513439306        1.8851589595
F                                                        651
        9.9153439306        1.7193439306        4.6171589595
F                                                        652
        9.9153439306        4.4513439306        4.6171589595
F                                                        653
        7.1833439306        4.4513439306        4.6171589595
F                                                        654
        9.9153439306        1.7193439306        1.8851589595
F                                                        655
        7.1833439306        4.4513439306        1.8851589595
F                                                        656
        7.1833439306        1.7193439306        7.3491589595
F                                                        657
        9.9153439306        4.4513439306        7.3491589595
F                                                        658
        9.9153439306        1.7193439306       10.0811589595
F                                                        659
        7.1833439306        1.7193439306       10.0811589595
F                                                        660
        9.9153439306        4.4513439306       10.0811589595
F                                                        661
        7.1833439306        4.4513439306       10.0811589595
F                                                        662
        9.9153439306        1.7193439306        7.3491589595
F                                                        663
        7.1833439306        4.4513439306        7.3491589595
F                                                        664
        7.1833439306        7.1833439306       -9.0428410405
F                                                        665
        9.9153439306        9.9153439306       -9.0428410405
F                                                        666
        9.9153439306        7.1833439306       -6.3108410405
F                                                        667
        7.1833439306        7.1833439306       -6.3108410405
F                                                        668
        9.9153439306        9.9153439306       -6.3108410405
F                                                        669
        7.1833439306        9.9153439306       -6.3108410405
F                                                        670
        9.9153439306        7.1833439306       -9.0428410405
F                                                        671
        7.1833439306        9.9153439306       -9.0428410405
F                                                        672
        7.1833439306        7.1833439306       -3.5788410405
F                                                        673
        9.9153439306        9.9153439306       -3.5788410405
F                                                        674
        9.9153439306        7.1833439306       -0.8468410405
F                                                        675
        7.1833439306        7.1833439306       -0.8468410405
F                                                        676
        9.9153439306        9.9153439306       -0.8468410405
F                                                        677
        7.1833439306        9.9153439306       -0.8468410405
F                                                        678
        7.1833439306        9.9153439306       -3.5788410405
F                                                        679
        7.1833439306        7.1833439306        1.8851589595
F                                                        680
        9.9153439306        9.9153439306        1.8851589595
F                                                        681
        9.9153439306        9.9153439306        4.6171589595
F                                                        682
        7.1833439306        9.9153439306        4.6171589595
F                                                        683
        9.9153439306        7.1833439306        1.8851589595
F                                                        684
        7.1833439306        9.9153439306        1.8851589595
F                                                        685
        7.1833439306        7.1833439306        7.3491589595
F                                                        686
        9.9153439306        9.9153439306        7.3491589595
F                                                        687
        9.9153439306        7.1833439306       10.0811589595
F                                                        688
        7.1833439306        7.1833439306       10.0811589595
F                                                        689
        9.9153439306        9.9153439306       10.0811589595
F                                                        690
        7.1833439306        9.9153439306       10.0811589595
F                                                        691
        9.9153439306        7.1833439306        7.3491589595
F                                                        692
        7.1833439306        9.9153439306        7.3491589595
