surfa_______________:       0.0000000000     0.0000000000    21.8560000000      
         3       208
CA      CA      
  2.502404E-02  0.000000E+00
  7.507212E-02  0.000000E+00
  1.251202E-01  0.000000E+00
  1.751683E-01  0.000000E+00
  2.252163E-01  0.000000E+00
  2.752644E-01  0.000000E+00
  3.253125E-01  0.000000E+00
  3.753606E-01  0.000000E+00
  4.254087E-01  0.000000E+00
  4.754567E-01  0.000000E+00
  5.255048E-01  0.000000E+00
  5.755529E-01  0.000000E+00
  6.256010E-01  0.000000E+00
  6.756490E-01  0.000000E+00
  7.256971E-01  0.000000E+00
  7.757452E-01  0.000000E+00
  8.257933E-01  0.000000E+00
  8.758413E-01  0.000000E+00
  9.258894E-01  0.000000E+00
  9.759375E-01  0.000000E+00
  1.025986E+00  0.000000E+00
  1.076034E+00  0.000000E+00
  1.126082E+00  0.000000E+00
  1.176130E+00  0.000000E+00
  1.226178E+00  0.000000E+00
  1.276226E+00  0.000000E+00
  1.326274E+00  0.000000E+00
  1.376322E+00  0.000000E+00
  1.426370E+00  0.000000E+00
  1.476418E+00  0.000000E+00
  1.526466E+00  0.000000E+00
  1.576514E+00  0.000000E+00
  1.626563E+00  0.000000E+00
  1.676611E+00  0.000000E+00
  1.726659E+00  0.000000E+00
  1.776707E+00  0.000000E+00
  1.826755E+00  0.000000E+00
  1.876803E+00  0.000000E+00
  1.926851E+00  0.000000E+00
  1.976899E+00  0.000000E+00
  2.026947E+00  0.000000E+00
  2.076995E+00  0.000000E+00
  2.127043E+00  0.000000E+00
  2.177091E+00  0.000000E+00
  2.227139E+00  0.000000E+00
  2.277188E+00  0.000000E+00
  2.327236E+00  0.000000E+00
  2.377284E+00  0.000000E+00
  2.427332E+00  0.000000E+00
  2.477380E+00  0.000000E+00
  2.527428E+00  0.000000E+00
  2.577476E+00  0.000000E+00
  2.627524E+00  0.000000E+00
  2.677572E+00  0.000000E+00
  2.727620E+00  0.000000E+00
  2.777668E+00  0.000000E+00
  2.827716E+00  0.000000E+00
  2.877764E+00  0.000000E+00
  2.927812E+00  0.000000E+00
  2.977861E+00  0.000000E+00
  3.027909E+00  0.000000E+00
  3.077957E+00  0.000000E+00
  3.128005E+00  4.827256E-03
  3.178053E+00  1.870567E-02
  3.228101E+00  3.626031E-02
  3.278149E+00  8.350879E-02
  3.328197E+00  1.535043E-01
  3.378245E+00  2.400392E-01
  3.428293E+00  3.697163E-01
  3.478341E+00  6.089997E-01
  3.528389E+00  9.105322E-01
  3.578438E+00  1.357370E+00
  3.628486E+00  1.686105E+00
  3.678534E+00  2.363072E+00
  3.728582E+00  2.785893E+00
  3.778630E+00  3.106240E+00
  3.828678E+00  3.457326E+00
  3.878726E+00  3.801932E+00
  3.928774E+00  3.745466E+00
  3.978822E+00  4.126215E+00
  4.028870E+00  3.800279E+00
  4.078918E+00  3.531582E+00
  4.128966E+00  3.183292E+00
  4.179014E+00  2.804595E+00
  4.229063E+00  2.313424E+00
  4.279111E+00  2.244149E+00
  4.329159E+00  1.769170E+00
  4.379207E+00  1.381693E+00
  4.429255E+00  1.105073E+00
  4.479303E+00  7.933209E-01
  4.529351E+00  6.722811E-01
  4.579399E+00  5.180253E-01
  4.629447E+00  3.548198E-01
  4.679495E+00  2.545214E-01
  4.729543E+00  2.343824E-01
  4.779591E+00  1.654051E-01
  4.829639E+00  1.640197E-01
  4.879688E+00  1.110822E-01
  4.929736E+00  1.010641E-01
  4.979784E+00  1.276129E-01
  5.029832E+00  1.568242E-01
  5.079880E+00  2.013384E-01
  5.129928E+00  2.387097E-01
  5.179976E+00  2.763664E-01
  5.230024E+00  3.367195E-01
  5.280072E+00  4.438771E-01
  5.330120E+00  4.655059E-01
  5.380168E+00  6.086370E-01
  5.430216E+00  6.311074E-01
  5.480264E+00  7.092754E-01
  5.530312E+00  8.215873E-01
  5.580361E+00  7.598969E-01
  5.630409E+00  8.075343E-01
  5.680457E+00  8.094690E-01
  5.730505E+00  8.255964E-01
  5.780553E+00  7.944000E-01
  5.830601E+00  6.946805E-01
  5.880649E+00  7.225151E-01
  5.930697E+00  5.962293E-01
  5.980745E+00  5.440371E-01
  6.030793E+00  4.727096E-01
  6.080841E+00  4.521868E-01
  6.130889E+00  3.908008E-01
  6.180937E+00  3.152634E-01
  6.230986E+00  4.136257E-01
  6.281034E+00  4.046659E-01
  6.331082E+00  4.301096E-01
  6.381130E+00  6.275441E-01
  6.431178E+00  7.023220E-01
  6.481226E+00  8.669265E-01
  6.531274E+00  1.065176E+00
  6.581322E+00  1.350009E+00
  6.631370E+00  1.495116E+00
  6.681418E+00  1.773287E+00
  6.731466E+00  1.833534E+00
  6.781514E+00  1.966789E+00
  6.831563E+00  2.156680E+00
  6.881611E+00  2.217184E+00
  6.931659E+00  2.344534E+00
  6.981707E+00  2.118212E+00
  7.031755E+00  2.040405E+00
  7.081803E+00  1.980588E+00
  7.131851E+00  1.847954E+00
  7.181899E+00  1.636397E+00
  7.231947E+00  1.413340E+00
  7.281995E+00  1.283530E+00
  7.332043E+00  1.110554E+00
  7.382091E+00  9.846054E-01
  7.432139E+00  8.422699E-01
  7.482188E+00  7.432955E-01
  7.532236E+00  6.859970E-01
  7.582284E+00  6.646474E-01
  7.632332E+00  6.916357E-01
  7.682380E+00  6.698488E-01
  7.732428E+00  7.457326E-01
  7.782476E+00  7.587875E-01
  7.832524E+00  7.737586E-01
  7.882572E+00  8.445417E-01
  7.932620E+00  8.121512E-01
  7.982668E+00  9.005816E-01
  8.032716E+00  8.374216E-01
  8.082764E+00  8.364819E-01
  8.132812E+00  8.312171E-01
  8.182861E+00  7.688812E-01
  8.232909E+00  7.700142E-01
  8.282957E+00  7.263146E-01
  8.333005E+00  7.713525E-01
  8.383053E+00  7.231876E-01
  8.433101E+00  6.966971E-01
  8.483149E+00  7.200051E-01
  8.533197E+00  8.147216E-01
  8.583245E+00  8.725659E-01
  8.633293E+00  9.467619E-01
  8.683341E+00  1.037361E+00
  8.733389E+00  1.095482E+00
  8.783437E+00  1.177929E+00
  8.833486E+00  1.277208E+00
  8.883534E+00  1.372983E+00
  8.933582E+00  1.360010E+00
  8.983630E+00  1.311540E+00
  9.033678E+00  1.302835E+00
  9.083726E+00  1.235284E+00
  9.133774E+00  1.165733E+00
  9.183822E+00  1.081381E+00
  9.233870E+00  9.865968E-01
  9.283918E+00  9.146124E-01
  9.333966E+00  8.039926E-01
  9.384014E+00  6.972835E-01
  9.434062E+00  6.639008E-01
  9.484111E+00  6.012508E-01
  9.534159E+00  5.570234E-01
  9.584207E+00  5.193408E-01
  9.634255E+00  5.032728E-01
  9.684303E+00  4.955663E-01
  9.734351E+00  5.069328E-01
  9.784399E+00  5.382696E-01
  9.834447E+00  5.430607E-01
  9.884495E+00  5.854349E-01
  9.934543E+00  6.326727E-01
  9.984591E+00  6.955189E-01
  1.003464E+01  7.627118E-01
  1.008469E+01  8.573345E-01
  1.013474E+01  9.601723E-01
  1.018478E+01  1.002668E+00
  1.023483E+01  1.178658E+00
  1.028488E+01  1.251161E+00
  1.033493E+01  1.461504E+00
  1.038498E+01  1.603365E+00
CA      F       
  2.502404E-02  0.000000E+00
  7.507212E-02  0.000000E+00
  1.251202E-01  0.000000E+00
  1.751683E-01  0.000000E+00
  2.252163E-01  0.000000E+00
  2.752644E-01  0.000000E+00
  3.253125E-01  0.000000E+00
  3.753606E-01  0.000000E+00
  4.254087E-01  0.000000E+00
  4.754567E-01  0.000000E+00
  5.255048E-01  0.000000E+00
  5.755529E-01  0.000000E+00
  6.256010E-01  0.000000E+00
  6.756490E-01  0.000000E+00
  7.256971E-01  0.000000E+00
  7.757452E-01  0.000000E+00
  8.257933E-01  0.000000E+00
  8.758413E-01  0.000000E+00
  9.258894E-01  0.000000E+00
  9.759375E-01  0.000000E+00
  1.025986E+00  0.000000E+00
  1.076034E+00  0.000000E+00
  1.126082E+00  0.000000E+00
  1.176130E+00  0.000000E+00
  1.226178E+00  0.000000E+00
  1.276226E+00  0.000000E+00
  1.326274E+00  0.000000E+00
  1.376322E+00  0.000000E+00
  1.426370E+00  0.000000E+00
  1.476418E+00  0.000000E+00
  1.526466E+00  0.000000E+00
  1.576514E+00  0.000000E+00
  1.626563E+00  0.000000E+00
  1.676611E+00  0.000000E+00
  1.726659E+00  1.188125E-02
  1.776707E+00  1.870226E-02
  1.826755E+00  1.096878E-01
  1.876803E+00  3.419176E-01
  1.926851E+00  7.441827E-01
  1.976899E+00  1.456261E+00
  2.026947E+00  2.135336E+00
  2.076995E+00  2.737111E+00
  2.127043E+00  3.165720E+00
  2.177091E+00  3.684513E+00
  2.227139E+00  3.839774E+00
  2.277188E+00  3.718395E+00
  2.327236E+00  3.257149E+00
  2.377284E+00  3.125633E+00
  2.427332E+00  2.617303E+00
  2.477380E+00  2.487614E+00
  2.527428E+00  2.022227E+00
  2.577476E+00  1.754279E+00
  2.627524E+00  1.563234E+00
  2.677572E+00  1.393349E+00
  2.727620E+00  1.068119E+00
  2.777668E+00  9.595761E-01
  2.827716E+00  8.402599E-01
  2.877764E+00  7.685139E-01
  2.927812E+00  6.639484E-01
  2.977861E+00  5.539350E-01
  3.027909E+00  4.932735E-01
  3.077957E+00  4.374787E-01
  3.128005E+00  4.091099E-01
  3.178053E+00  3.635914E-01
  3.228101E+00  3.286090E-01
  3.278149E+00  3.032687E-01
  3.328197E+00  2.824906E-01
  3.378245E+00  2.348659E-01
  3.428293E+00  2.441333E-01
  3.478341E+00  2.400864E-01
  3.528389E+00  2.475510E-01
  3.578438E+00  2.415971E-01
  3.628486E+00  2.591938E-01
  3.678534E+00  2.678962E-01
  3.728582E+00  2.734931E-01
  3.778630E+00  3.374190E-01
  3.828678E+00  3.318775E-01
  3.878726E+00  3.900826E-01
  3.928774E+00  4.551781E-01
  3.978822E+00  5.049615E-01
  4.028870E+00  5.768800E-01
  4.078918E+00  7.054648E-01
  4.128966E+00  8.055196E-01
  4.179014E+00  8.708580E-01
  4.229063E+00  9.328961E-01
  4.279111E+00  1.094990E+00
  4.329159E+00  1.183227E+00
  4.379207E+00  1.375536E+00
  4.429255E+00  1.507739E+00
  4.479303E+00  1.675508E+00
  4.529351E+00  1.733656E+00
  4.579399E+00  1.784372E+00
  4.629447E+00  1.837459E+00
  4.679495E+00  1.870085E+00
  4.729543E+00  1.812768E+00
  4.779591E+00  1.831345E+00
  4.829639E+00  1.772324E+00
  4.879688E+00  1.634992E+00
  4.929736E+00  1.508673E+00
  4.979784E+00  1.408027E+00
  5.029832E+00  1.316670E+00
  5.079880E+00  1.221758E+00
  5.129928E+00  1.122654E+00
  5.179976E+00  9.465988E-01
  5.230024E+00  8.849680E-01
  5.280072E+00  7.581488E-01
  5.330120E+00  7.219498E-01
  5.380168E+00  6.824730E-01
  5.430216E+00  6.371141E-01
  5.480264E+00  6.707449E-01
  5.530312E+00  6.385834E-01
  5.580361E+00  6.468983E-01
  5.630409E+00  7.080824E-01
  5.680457E+00  7.615303E-01
  5.730505E+00  8.086961E-01
  5.780553E+00  9.053616E-01
  5.830601E+00  9.749840E-01
  5.880649E+00  9.960192E-01
  5.930697E+00  1.042058E+00
  5.980745E+00  1.094346E+00
  6.030793E+00  1.101582E+00
  6.080841E+00  1.126954E+00
  6.130889E+00  1.126222E+00
  6.180937E+00  1.098167E+00
  6.230986E+00  1.068736E+00
  6.281034E+00  1.026929E+00
  6.331082E+00  1.003393E+00
  6.381130E+00  9.421862E-01
  6.431178E+00  8.987438E-01
  6.481226E+00  8.598989E-01
  6.531274E+00  8.232418E-01
  6.581322E+00  7.895044E-01
  6.631370E+00  7.867621E-01
  6.681418E+00  7.752841E-01
  6.731466E+00  7.447753E-01
  6.781514E+00  7.438366E-01
  6.831563E+00  7.727009E-01
  6.881611E+00  8.043900E-01
  6.931659E+00  8.540101E-01
  6.981707E+00  8.953468E-01
  7.031755E+00  9.304094E-01
  7.081803E+00  9.620404E-01
  7.131851E+00  9.906055E-01
  7.181899E+00  1.036369E+00
  7.231947E+00  1.074228E+00
  7.281995E+00  1.085121E+00
  7.332043E+00  1.100450E+00
  7.382091E+00  1.120682E+00
  7.432139E+00  1.109060E+00
  7.482188E+00  1.093640E+00
  7.532236E+00  1.106628E+00
  7.582284E+00  1.073171E+00
  7.632332E+00  1.066441E+00
  7.682380E+00  1.064795E+00
  7.732428E+00  1.038219E+00
  7.782476E+00  1.018280E+00
  7.832524E+00  1.026674E+00
  7.882572E+00  9.971445E-01
  7.932620E+00  1.052156E+00
  7.982668E+00  1.061056E+00
  8.032716E+00  1.072946E+00
  8.082764E+00  1.103802E+00
  8.132812E+00  1.087938E+00
  8.182861E+00  1.179950E+00
  8.232909E+00  1.192303E+00
  8.282957E+00  1.187404E+00
  8.333005E+00  1.221478E+00
  8.383053E+00  1.212650E+00
  8.433101E+00  1.226194E+00
  8.483149E+00  1.210291E+00
  8.533197E+00  1.188676E+00
  8.583245E+00  1.158987E+00
  8.633293E+00  1.138459E+00
  8.683341E+00  1.095305E+00
  8.733389E+00  1.039903E+00
  8.783437E+00  1.020586E+00
  8.833486E+00  9.836314E-01
  8.883534E+00  9.405592E-01
  8.933582E+00  9.208770E-01
  8.983630E+00  8.728967E-01
  9.033678E+00  8.457434E-01
  9.083726E+00  8.408858E-01
  9.133774E+00  8.077755E-01
  9.183822E+00  7.889152E-01
  9.233870E+00  7.821868E-01
  9.283918E+00  7.406223E-01
  9.333966E+00  7.469324E-01
  9.384014E+00  7.352318E-01
  9.434062E+00  7.457607E-01
  9.484111E+00  7.396172E-01
  9.534159E+00  7.338212E-01
  9.584207E+00  7.517587E-01
  9.634255E+00  7.728469E-01
  9.684303E+00  8.219149E-01
  9.734351E+00  8.421465E-01
  9.784399E+00  8.893043E-01
  9.834447E+00  9.121417E-01
  9.884495E+00  9.648074E-01
  9.934543E+00  9.707842E-01
  9.984591E+00  1.018641E+00
  1.003464E+01  1.041575E+00
  1.008469E+01  1.072016E+00
  1.013474E+01  1.099163E+00
  1.018478E+01  1.095103E+00
  1.023483E+01  1.135935E+00
  1.028488E+01  1.133279E+00
  1.033493E+01  1.148641E+00
  1.038498E+01  1.157085E+00
F       F       
  2.502404E-02  0.000000E+00
  7.507212E-02  0.000000E+00
  1.251202E-01  0.000000E+00
  1.751683E-01  0.000000E+00
  2.252163E-01  0.000000E+00
  2.752644E-01  0.000000E+00
  3.253125E-01  0.000000E+00
  3.753606E-01  0.000000E+00
  4.254087E-01  0.000000E+00
  4.754567E-01  0.000000E+00
  5.255048E-01  0.000000E+00
  5.755529E-01  0.000000E+00
  6.256010E-01  0.000000E+00
  6.756490E-01  0.000000E+00
  7.256971E-01  0.000000E+00
  7.757452E-01  0.000000E+00
  8.257933E-01  0.000000E+00
  8.758413E-01  0.000000E+00
  9.258894E-01  0.000000E+00
  9.759375E-01  0.000000E+00
  1.025986E+00  0.000000E+00
  1.076034E+00  0.000000E+00
  1.126082E+00  0.000000E+00
  1.176130E+00  0.000000E+00
  1.226178E+00  0.000000E+00
  1.276226E+00  0.000000E+00
  1.326274E+00  0.000000E+00
  1.376322E+00  0.000000E+00
  1.426370E+00  0.000000E+00
  1.476418E+00  0.000000E+00
  1.526466E+00  0.000000E+00
  1.576514E+00  0.000000E+00
  1.626563E+00  0.000000E+00
  1.676611E+00  0.000000E+00
  1.726659E+00  0.000000E+00
  1.776707E+00  0.000000E+00
  1.826755E+00  0.000000E+00
  1.876803E+00  0.000000E+00
  1.926851E+00  0.000000E+00
  1.976899E+00  0.000000E+00
  2.026947E+00  0.000000E+00
  2.076995E+00  8.211333E-03
  2.127043E+00  2.087862E-02
  2.177091E+00  2.491219E-02
  2.227139E+00  7.141551E-02
  2.277188E+00  1.320679E-01
  2.327236E+00  2.725191E-01
  2.377284E+00  4.262226E-01
  2.427332E+00  5.451044E-01
  2.477380E+00  7.676396E-01
  2.527428E+00  9.852351E-01
  2.577476E+00  1.349035E+00
  2.627524E+00  1.498242E+00
  2.677572E+00  1.622279E+00
  2.727620E+00  1.853733E+00
  2.777668E+00  1.989552E+00
  2.827716E+00  1.968482E+00
  2.877764E+00  1.776565E+00
  2.927812E+00  1.883024E+00
  2.977861E+00  1.703084E+00
  3.027909E+00  1.581566E+00
  3.077957E+00  1.546755E+00
  3.128005E+00  1.329909E+00
  3.178053E+00  1.406432E+00
  3.228101E+00  1.237383E+00
  3.278149E+00  1.127369E+00
  3.328197E+00  1.076662E+00
  3.378245E+00  1.089488E+00
  3.428293E+00  1.041836E+00
  3.478341E+00  1.039399E+00
  3.528389E+00  1.012019E+00
  3.578438E+00  9.931301E-01
  3.628486E+00  1.019735E+00
  3.678534E+00  1.027954E+00
  3.728582E+00  1.025175E+00
  3.778630E+00  1.084207E+00
  3.828678E+00  1.108406E+00
  3.878726E+00  1.118446E+00
  3.928774E+00  1.060297E+00
  3.978822E+00  1.086749E+00
  4.028870E+00  1.108657E+00
  4.078918E+00  1.056068E+00
  4.128966E+00  1.096421E+00
  4.179014E+00  1.064908E+00
  4.229063E+00  1.003540E+00
  4.279111E+00  9.769786E-01
  4.329159E+00  1.069819E+00
  4.379207E+00  1.012257E+00
  4.429255E+00  1.034652E+00
  4.479303E+00  9.498665E-01
  4.529351E+00  9.180551E-01
  4.579399E+00  9.127380E-01
  4.629447E+00  8.688676E-01
  4.679495E+00  8.670982E-01
  4.729543E+00  8.403980E-01
  4.779591E+00  8.208228E-01
  4.829639E+00  7.871935E-01
  4.879688E+00  7.463337E-01
  4.929736E+00  7.662405E-01
  4.979784E+00  7.456784E-01
  5.029832E+00  7.640514E-01
  5.079880E+00  7.476977E-01
  5.129928E+00  7.807423E-01
  5.179976E+00  7.261218E-01
  5.230024E+00  8.046734E-01
  5.280072E+00  8.068567E-01
  5.330120E+00  8.088166E-01
  5.380168E+00  7.979183E-01
  5.430216E+00  8.441462E-01
  5.480264E+00  8.555340E-01
  5.530312E+00  8.802721E-01
  5.580361E+00  9.089186E-01
  5.630409E+00  9.166706E-01
  5.680457E+00  9.576764E-01
  5.730505E+00  9.730243E-01
  5.780553E+00  9.912331E-01
  5.830601E+00  1.048968E+00
  5.880649E+00  1.044847E+00
  5.930697E+00  1.064551E+00
  5.980745E+00  1.141884E+00
  6.030793E+00  1.146061E+00
  6.080841E+00  1.133341E+00
  6.130889E+00  1.170517E+00
  6.180937E+00  1.225818E+00
  6.230986E+00  1.240877E+00
  6.281034E+00  1.235847E+00
  6.331082E+00  1.230821E+00
  6.381130E+00  1.274808E+00
  6.431178E+00  1.284450E+00
  6.481226E+00  1.248104E+00
  6.531274E+00  1.289118E+00
  6.581322E+00  1.308298E+00
  6.631370E+00  1.233847E+00
  6.681418E+00  1.240031E+00
  6.731466E+00  1.208892E+00
  6.781514E+00  1.188803E+00
  6.831563E+00  1.174991E+00
  6.881611E+00  1.161703E+00
  6.931659E+00  1.135158E+00
  6.981707E+00  1.094717E+00
  7.031755E+00  1.042412E+00
  7.081803E+00  9.869978E-01
  7.131851E+00  9.474247E-01
  7.181899E+00  9.184700E-01
  7.231947E+00  8.592924E-01
  7.281995E+00  8.390596E-01
  7.332043E+00  7.815173E-01
  7.382091E+00  7.971751E-01
  7.432139E+00  7.428650E-01
  7.482188E+00  7.293745E-01
  7.532236E+00  6.989011E-01
  7.582284E+00  7.172276E-01
  7.632332E+00  7.135280E-01
  7.682380E+00  7.350730E-01
  7.732428E+00  7.402028E-01
  7.782476E+00  7.615169E-01
  7.832524E+00  7.778007E-01
  7.882572E+00  7.968414E-01
  7.932620E+00  8.207831E-01
  7.982668E+00  8.568497E-01
  8.032716E+00  8.926885E-01
  8.082764E+00  9.170935E-01
  8.132812E+00  9.288709E-01
  8.182861E+00  9.859667E-01
  8.232909E+00  1.009555E+00
  8.282957E+00  1.029749E+00
  8.333005E+00  1.041904E+00
  8.383053E+00  1.089318E+00
  8.433101E+00  1.085725E+00
  8.483149E+00  1.095596E+00
  8.533197E+00  1.133053E+00
  8.583245E+00  1.136067E+00
  8.633293E+00  1.157470E+00
  8.683341E+00  1.164368E+00
  8.733389E+00  1.164066E+00
  8.783437E+00  1.164001E+00
  8.833486E+00  1.173397E+00
  8.883534E+00  1.158716E+00
  8.933582E+00  1.112480E+00
  8.983630E+00  1.138892E+00
  9.033678E+00  1.126163E+00
  9.083726E+00  1.126238E+00
  9.133774E+00  1.086187E+00
  9.183822E+00  1.069621E+00
  9.233870E+00  1.047671E+00
  9.283918E+00  1.051749E+00
  9.333966E+00  1.029251E+00
  9.384014E+00  1.026348E+00
  9.434062E+00  1.011241E+00
  9.484111E+00  9.984964E-01
  9.534159E+00  9.590727E-01
  9.584207E+00  9.675936E-01
  9.634255E+00  9.640549E-01
  9.684303E+00  9.367412E-01
  9.734351E+00  9.619012E-01
  9.784399E+00  9.497425E-01
  9.834447E+00  9.486469E-01
  9.884495E+00  9.539302E-01
  9.934543E+00  9.384805E-01
  9.984591E+00  9.755269E-01
  1.003464E+01  9.571424E-01
  1.008469E+01  9.865617E-01
  1.013474E+01  9.832799E-01
  1.018478E+01  1.006539E+00
  1.023483E+01  1.014642E+00
  1.028488E+01  1.021424E+00
  1.033493E+01  1.012772E+00
  1.038498E+01  1.006537E+00
