surfa_______________:       0.0000000000     0.0000000000    21.8560000000      
 ENERGY UNITS=electron Volts 
       250  2.500000E-01        47
 -6.570346E+03  1.500371E+03 -6.719086E+03  1.181646E+03 -7.900732E+03
  0.000000E+00  0.000000E+00  0.000000E+00  0.000000E+00 -6.228575E+03
  0.000000E+00 -7.277762E+02 -8.625154E+03  7.897378E+03  0.000000E+00
  0.000000E+00  0.000000E+00  0.000000E+00  1.056223E+04  0.000000E+00
  0.000000E+00  0.000000E+00  9.000000E+01  9.000000E+01  9.000000E+01
  0.000000E+00  5.116335E+01  0.000000E+00  0.000000E+00  5.177027E+01
 -1.270260E+00 -2.275619E+00 -1.270260E+00  5.102452E+01 -9.968472E-01
 -2.275619E+00 -9.968472E-01  5.069525E+01  2.194077E+01  0.000000E+00
  0.000000E+00  0.000000E+00  2.194077E+01  0.000000E+00  0.000000E+00
  0.000000E+00  2.194077E+01
       500  5.000000E-01        47
 -6.580511E+03  1.497268E+03 -6.728939E+03  1.147209E+03 -7.876148E+03
  0.000000E+00  0.000000E+00  0.000000E+00  0.000000E+00 -6.300728E+03
  0.000000E+00 -5.424134E+02 -8.414536E+03  7.872122E+03  0.000000E+00
  0.000000E+00  0.000000E+00  0.000000E+00  1.066099E+04  0.000000E+00
  0.000000E+00  0.000000E+00  9.000000E+01  9.000000E+01  9.000000E+01
  0.000000E+00  4.149471E+01  0.000000E+00  0.000000E+00  3.884007E+01
  2.394580E-01 -2.852209E+00  2.394580E-01  4.318570E+01  3.148661E+00
 -2.852209E+00  3.148661E+00  4.245836E+01  2.200894E+01  0.000000E+00
  0.000000E+00  0.000000E+00  2.200894E+01  0.000000E+00  0.000000E+00
  0.000000E+00  2.200894E+01
       750  7.500000E-01        47
 -6.580042E+03  1.498247E+03 -6.728563E+03  1.141793E+03 -7.870356E+03
  0.000000E+00  0.000000E+00  0.000000E+00  0.000000E+00 -6.316642E+03
  0.000000E+00 -4.930586E+02 -8.359735E+03  7.866677E+03  0.000000E+00
  0.000000E+00  0.000000E+00  0.000000E+00  1.075368E+04  0.000000E+00
  0.000000E+00  0.000000E+00  9.000000E+01  9.000000E+01  9.000000E+01
  0.000000E+00  3.872753E+01  0.000000E+00  0.000000E+00  3.782730E+01
 -2.758826E-01  1.096209E+00 -2.758826E-01  3.841617E+01 -3.346547E-01
  1.096209E+00 -3.346547E-01  3.993912E+01  2.207254E+01  0.000000E+00
  0.000000E+00  0.000000E+00  2.207254E+01  0.000000E+00  0.000000E+00
  0.000000E+00  2.207254E+01
      1000  1.000000E+00        47
 -6.568500E+03  1.501116E+03 -6.717300E+03  1.130427E+03 -7.847727E+03
  0.000000E+00  0.000000E+00  0.000000E+00  0.000000E+00 -6.325429E+03
  0.000000E+00 -4.314892E+02 -8.276729E+03  7.845240E+03  0.000000E+00
  0.000000E+00  0.000000E+00  0.000000E+00  1.083408E+04  0.000000E+00
  0.000000E+00  0.000000E+00  9.000000E+01  9.000000E+01  9.000000E+01
  0.000000E+00  3.547245E+01  0.000000E+00  0.000000E+00  3.678339E+01
  6.395753E-01  1.158466E+00  6.395753E-01  3.282982E+01  1.150790E+00
  1.158466E+00  1.150790E+00  3.680413E+01  2.212742E+01  0.000000E+00
  0.000000E+00  0.000000E+00  2.212742E+01  0.000000E+00  0.000000E+00
  0.000000E+00  2.212742E+01
      1250  1.250000E+00        47
 -6.569199E+03  1.559573E+03 -6.697847E+03  1.077069E+03 -7.774916E+03
  0.000000E+00  0.000000E+00  0.000000E+00  0.000000E+00 -6.412524E+03
  0.000000E+00 -8.286639E+01 -7.857492E+03  7.774625E+03  0.000000E+00
  0.000000E+00  0.000000E+00  0.000000E+00  1.131741E+04  0.000000E+00
  0.000000E+00  0.000000E+00  9.000000E+01  9.000000E+01  9.000000E+01
  0.000000E+00  1.826129E+01  3.814653E-01  9.589944E-01  2.039452E+01
  6.851313E-01 -1.719971E+00  6.851313E-01  1.376935E+01  3.201138E-01
 -1.719971E+00  3.201138E-01  2.061998E+01  2.245169E+01  0.000000E+00
  0.000000E+00  0.000000E+00  2.245169E+01  0.000000E+00  0.000000E+00
  0.000000E+00  2.245169E+01
      1500  1.500000E+00        47
 -6.569050E+03  1.528411E+03 -6.681672E+03  1.002241E+03 -7.683913E+03
  0.000000E+00  0.000000E+00  0.000000E+00  0.000000E+00 -6.548987E+03
  0.000000E+00  3.596000E+02 -7.324054E+03  7.683654E+03  0.000000E+00
  0.000000E+00  0.000000E+00  0.000000E+00  1.193214E+04  0.000000E+00
  0.000000E+00  0.000000E+00  9.000000E+01  9.000000E+01  9.000000E+01
  0.000000E+00 -2.497410E+00  4.059291E-01  1.205718E+00  1.152475E-01
 -5.511914E-01 -1.966144E+00 -5.511914E-01 -5.204818E+00 -2.438412E-01
 -1.966144E+00 -2.438412E-01 -2.402661E+00  2.285105E+01  0.000000E+00
  0.000000E+00  0.000000E+00  2.285105E+01  0.000000E+00  0.000000E+00
  0.000000E+00  2.285105E+01
      1750  1.750000E+00        47
 -6.569133E+03  1.371867E+03 -6.693636E+03  9.946226E+02 -7.688259E+03
  0.000000E+00  0.000000E+00  0.000000E+00  0.000000E+00 -6.593687E+03
  0.000000E+00  3.802086E+02 -7.309234E+03  7.689443E+03  0.000000E+00
  0.000000E+00  0.000000E+00  0.000000E+00  1.177879E+04  0.000000E+00
  0.000000E+00  0.000000E+00  9.000000E+01  9.000000E+01  9.000000E+01
  0.000000E+00 -4.841111E+00  3.166332E-01  1.286769E+00 -5.245328E+00
 -7.639941E-01  2.097042E+00 -7.639941E-01 -4.873332E+00 -2.348907E+00
  2.097042E+00 -2.348907E+00 -4.404673E+00  2.275273E+01  0.000000E+00
  0.000000E+00  0.000000E+00  2.275273E+01  0.000000E+00  0.000000E+00
  0.000000E+00  2.275273E+01
      2000  2.000000E+00        47
 -6.569115E+03  1.559142E+03 -6.687180E+03  9.806848E+02 -7.667865E+03
  0.000000E+00  0.000000E+00  0.000000E+00  0.000000E+00 -6.571596E+03
  0.000000E+00  4.261379E+02 -7.242169E+03  7.668307E+03  0.000000E+00
  0.000000E+00  0.000000E+00  0.000000E+00  1.175831E+04  0.000000E+00
  0.000000E+00  0.000000E+00  9.000000E+01  9.000000E+01  9.000000E+01
  0.000000E+00 -5.243799E+00  2.878925E-01  1.597747E+00 -5.647881E+00
 -1.121646E+00  1.766797E-01 -1.121646E+00 -5.092918E+00 -2.893888E-02
  1.766797E-01 -2.893888E-02 -4.990599E+00  2.273954E+01  0.000000E+00
  0.000000E+00  0.000000E+00  2.273954E+01  0.000000E+00  0.000000E+00
  0.000000E+00  2.273954E+01
      2250  2.250000E+00        47
 -6.569062E+03  1.518006E+03 -6.688016E+03  1.022646E+03 -7.710662E+03
  0.000000E+00  0.000000E+00  0.000000E+00  0.000000E+00 -6.510634E+03
  0.000000E+00  2.203536E+02 -7.490834E+03  7.711188E+03  0.000000E+00
  0.000000E+00  0.000000E+00  0.000000E+00  1.163130E+04  0.000000E+00
  0.000000E+00  0.000000E+00  9.000000E+01  9.000000E+01  9.000000E+01
  0.000000E+00  3.654483E+00  3.318383E-01  1.954080E+00  3.955883E+00
 -2.535473E+00  4.590884E+00 -2.535473E+00  2.257376E+00  1.181853E+00
  4.590884E+00  1.181853E+00  4.750190E+00  2.265737E+01  0.000000E+00
  0.000000E+00  0.000000E+00  2.265737E+01  0.000000E+00  0.000000E+00
  0.000000E+00  2.265737E+01
      2500  2.500000E+00        47
 -6.569136E+03  1.532542E+03 -6.689427E+03  1.039034E+03 -7.728461E+03
  0.000000E+00  0.000000E+00  0.000000E+00  0.000000E+00 -6.482237E+03
  0.000000E+00  1.381366E+02 -7.591034E+03  7.729171E+03  0.000000E+00
  0.000000E+00  0.000000E+00  0.000000E+00  1.156812E+04  0.000000E+00
  0.000000E+00  0.000000E+00  9.000000E+01  9.000000E+01  9.000000E+01
  0.000000E+00  7.551806E+00  3.413663E-01  2.234386E+00  5.379182E+00
  2.617220E+00 -7.879715E-01  2.617220E+00  1.009708E+01 -8.222593E-01
 -7.879715E-01 -8.222593E-01  7.179155E+00  2.261627E+01  0.000000E+00
  0.000000E+00  0.000000E+00  2.261627E+01  0.000000E+00  0.000000E+00
  0.000000E+00  2.261627E+01
      2750  2.750000E+00        47
 -6.569026E+03  1.467686E+03 -6.689856E+03  1.020936E+03 -7.710792E+03
  0.000000E+00  0.000000E+00  0.000000E+00  0.000000E+00 -6.530304E+03
  0.000000E+00  2.488976E+02 -7.461605E+03  7.710503E+03  0.000000E+00
  0.000000E+00  0.000000E+00  0.000000E+00  1.169946E+04  0.000000E+00
  0.000000E+00  0.000000E+00  9.000000E+01  9.000000E+01  9.000000E+01
  0.000000E+00  1.897739E+00  3.431416E-01  2.520554E+00 -9.959747E-01
  3.227739E+00  9.843431E-01  3.227739E+00  2.600565E+00  3.021317E+00
  9.843431E-01  3.021317E+00  4.088628E+00  2.270154E+01  0.000000E+00
  0.000000E+00  0.000000E+00  2.270154E+01  0.000000E+00  0.000000E+00
  0.000000E+00  2.270154E+01
      3000  3.000000E+00        47
 -6.569085E+03  1.473420E+03 -6.700765E+03  1.023535E+03 -7.724300E+03
  0.000000E+00  0.000000E+00  0.000000E+00  0.000000E+00 -6.523230E+03
  0.000000E+00  1.977927E+02 -7.526922E+03  7.724715E+03  0.000000E+00
  0.000000E+00  0.000000E+00  0.000000E+00  1.151091E+04  0.000000E+00
  0.000000E+00  0.000000E+00  9.000000E+01  9.000000E+01  9.000000E+01
  0.000000E+00  4.320937E+00  2.998128E-01  2.789590E+00  5.940744E+00
  1.502179E+00 -2.575798E+00  1.502179E+00  4.584436E+00  1.017759E+00
 -2.575798E+00  1.017759E+00  2.437632E+00  2.257892E+01  0.000000E+00
  0.000000E+00  0.000000E+00  2.257892E+01  0.000000E+00  0.000000E+00
  0.000000E+00  2.257892E+01
      3250  3.250000E+00        47
 -6.569163E+03  1.491212E+03 -6.687735E+03  1.018849E+03 -7.706584E+03
  0.000000E+00  0.000000E+00  0.000000E+00  0.000000E+00 -6.520044E+03
  0.000000E+00  2.361426E+02 -7.471001E+03  7.707143E+03  0.000000E+00
  0.000000E+00  0.000000E+00  0.000000E+00  1.161726E+04  0.000000E+00
  0.000000E+00  0.000000E+00  9.000000E+01  9.000000E+01  9.000000E+01
  0.000000E+00  2.701509E+00  3.144868E-01  3.031683E+00  2.911188E+00
  2.136244E-02 -9.660775E-01  2.136244E-02  4.664934E+00  8.922413E-01
 -9.660775E-01  8.922413E-01  5.284059E-01  2.264824E+01  0.000000E+00
  0.000000E+00  0.000000E+00  2.264824E+01  0.000000E+00  0.000000E+00
  0.000000E+00  2.264824E+01
      3500  3.500000E+00        47
 -6.569122E+03  1.452511E+03 -6.679688E+03  9.989856E+02 -7.678674E+03
  0.000000E+00  0.000000E+00  0.000000E+00  0.000000E+00 -6.561815E+03
  0.000000E+00  3.664137E+02 -7.312962E+03  7.679375E+03  0.000000E+00
  0.000000E+00  0.000000E+00  0.000000E+00  1.183490E+04  0.000000E+00
  0.000000E+00  0.000000E+00  9.000000E+01  9.000000E+01  9.000000E+01
  0.000000E+00 -3.491644E+00  3.352203E-01  3.112781E+00 -3.954020E+00
 -2.012010E+00  6.541735E-01 -2.012010E+00 -4.506399E+00 -1.151249E+00
  6.541735E-01 -1.151249E+00 -2.014512E+00  2.278880E+01  0.000000E+00
  0.000000E+00  0.000000E+00  2.278880E+01  0.000000E+00  0.000000E+00
  0.000000E+00  2.278880E+01
      3750  3.750000E+00        47
 -6.569091E+03  1.470024E+03 -6.692212E+03  9.924839E+02 -7.684695E+03
  0.000000E+00  0.000000E+00  0.000000E+00  0.000000E+00 -6.579507E+03
  0.000000E+00  3.905984E+02 -7.294651E+03  7.685250E+03  0.000000E+00
  0.000000E+00  0.000000E+00  0.000000E+00  1.179674E+04  0.000000E+00
  0.000000E+00  0.000000E+00  9.000000E+01  9.000000E+01  9.000000E+01
  0.000000E+00 -4.428353E+00  3.125009E-01  3.070342E+00 -5.242755E+00
 -7.560743E-01  5.291879E-01 -7.560743E-01 -3.621095E+00  2.624454E+00
  5.291879E-01  2.624454E+00 -4.421210E+00  2.276428E+01  0.000000E+00
  0.000000E+00  0.000000E+00  2.276428E+01  0.000000E+00  0.000000E+00
  0.000000E+00  2.276428E+01
      4000  4.000000E+00        47
 -6.569154E+03  1.420724E+03 -6.683362E+03  9.811603E+02 -7.664522E+03
  0.000000E+00  0.000000E+00  0.000000E+00  0.000000E+00 -6.595430E+03
  0.000000E+00  4.404783E+02 -7.224756E+03  7.665234E+03  0.000000E+00
  0.000000E+00  0.000000E+00  0.000000E+00  1.176822E+04  0.000000E+00
  0.000000E+00  0.000000E+00  9.000000E+01  9.000000E+01  9.000000E+01
  0.000000E+00 -7.110935E+00  2.815119E-01  3.438260E+00 -5.504740E+00
 -5.764694E-01  7.546039E-01 -5.764694E-01 -7.349548E+00  1.916592E+00
  7.546039E-01  1.916592E+00 -8.478518E+00  2.274592E+01  0.000000E+00
  0.000000E+00  0.000000E+00  2.274592E+01  0.000000E+00  0.000000E+00
  0.000000E+00  2.274592E+01
