surfa_______________:       0.0000000000     0.0000000000    21.8560000000
         0         3
       21.8560000000        0.0000000000        0.0000000000
        0.0000000000       21.8560000000        0.0000000000
        0.0000000000        0.0000000000       21.8560000000
CA                                                         1
      -10.4726666667      -10.4726666667      -10.4726666667
CA                                                         2
      -10.4726666667       -7.7406666667       -7.7406666667
CA                                                         3
       -7.7406666667      -10.4726666667       -7.7406666667
CA                                                         4
       -7.7406666667       -7.7406666667      -10.4726666667
CA                                                         5
      -10.4726666667      -10.4726666667       -5.0086666667
CA                                                         6
      -10.4726666667       -7.7406666667       -2.2766666667
CA                                                         7
       -7.7406666667      -10.4726666667       -2.2766666667
CA                                                         8
       -7.7406666667       -7.7406666667       -5.0086666667
CA                                                         9
      -10.4726666667      -10.4726666667        0.4553333333
CA                                                        10
      -10.4726666667       -7.7406666667        3.1873333333
CA                                                        11
       -7.7406666667      -10.4726666667        3.1873333333
CA                                                        12
       -7.7406666667       -7.7406666667        0.4553333333
CA                                                        13
      -10.4726666667      -10.4726666667        5.9193333333
CA                                                        14
      -10.4726666667       -7.7406666667        8.6513333333
CA                                                        15
       -7.7406666667       -7.7406666667        5.9193333333
CA                                                        16
      -10.4726666667       -5.0086666667      -10.4726666667
CA                                                        17
      -10.4726666667       -2.2766666667       -7.7406666667
CA                                                        18
       -7.7406666667       -2.2766666667      -10.4726666667
CA                                                        19
      -10.4726666667       -5.0086666667       -5.0086666667
CA                                                        20
      -10.4726666667       -2.2766666667       -2.2766666667
CA                                                        21
       -7.7406666667       -5.0086666667       -2.2766666667
CA                                                        22
       -7.7406666667       -2.2766666667       -5.0086666667
CA                                                        23
      -10.4726666667       -5.0086666667        0.4553333333
CA                                                        24
      -10.4726666667       -2.2766666667        3.1873333333
CA                                                        25
       -7.7406666667       -5.0086666667        3.1873333333
CA                                                        26
       -7.7406666667       -2.2766666667        0.4553333333
CA                                                        27
      -10.4726666667       -5.0086666667        5.9193333333
CA                                                        28
      -10.4726666667       -2.2766666667        8.6513333333
CA                                                        29
       -7.7406666667       -5.0086666667        8.6513333333
CA                                                        30
      -10.4726666667        0.4553333333      -10.4726666667
CA                                                        31
      -10.4726666667        3.1873333333       -7.7406666667
CA                                                        32
       -7.7406666667        0.4553333333       -7.7406666667
CA                                                        33
       -7.7406666667        3.1873333333      -10.4726666667
CA                                                        34
      -10.4726666667        3.1873333333       -2.2766666667
CA                                                        35
       -7.7406666667        0.4553333333       -2.2766666667
CA                                                        36
       -7.7406666667        3.1873333333       -5.0086666667
CA                                                        37
      -10.4726666667        0.4553333333        0.4553333333
CA                                                        38
      -10.4726666667        3.1873333333        3.1873333333
CA                                                        39
       -7.7406666667        0.4553333333        3.1873333333
CA                                                        40
       -7.7406666667        3.1873333333        0.4553333333
CA                                                        41
      -10.4726666667        0.4553333333        5.9193333333
CA                                                        42
      -10.4726666667        3.1873333333        8.6513333333
CA                                                        43
       -7.7406666667        0.4553333333        8.6513333333
CA                                                        44
       -7.7406666667        3.1873333333        5.9193333333
CA                                                        45
      -10.4726666667        5.9193333333      -10.4726666667
CA                                                        46
      -10.4726666667        8.6513333333       -7.7406666667
CA                                                        47
       -7.7406666667        5.9193333333       -7.7406666667
CA                                                        48
       -7.7406666667        8.6513333333      -10.4726666667
CA                                                        49
      -10.4726666667        5.9193333333       -5.0086666667
CA                                                        50
      -10.4726666667        8.6513333333       -2.2766666667
CA                                                        51
       -7.7406666667        5.9193333333       -2.2766666667
CA                                                        52
       -7.7406666667        8.6513333333       -5.0086666667
CA                                                        53
      -10.4726666667        5.9193333333        0.4553333333
CA                                                        54
      -10.4726666667        8.6513333333        3.1873333333
CA                                                        55
       -7.7406666667        5.9193333333        3.1873333333
CA                                                        56
       -7.7406666667        8.6513333333        0.4553333333
CA                                                        57
      -10.4726666667        5.9193333333        5.9193333333
CA                                                        58
      -10.4726666667        8.6513333333        8.6513333333
CA                                                        59
       -7.7406666667        5.9193333333        8.6513333333
CA                                                        60
       -7.7406666667        8.6513333333        5.9193333333
CA                                                        61
       -5.0086666667      -10.4726666667      -10.4726666667
CA                                                        62
       -2.2766666667      -10.4726666667       -7.7406666667
CA                                                        63
       -2.2766666667       -7.7406666667      -10.4726666667
CA                                                        64
       -5.0086666667      -10.4726666667       -5.0086666667
CA                                                        65
       -5.0086666667       -7.7406666667       -2.2766666667
CA                                                        66
       -2.2766666667      -10.4726666667       -2.2766666667
CA                                                        67
       -5.0086666667      -10.4726666667        0.4553333333
CA                                                        68
       -5.0086666667       -7.7406666667        3.1873333333
CA                                                        69
       -2.2766666667      -10.4726666667        3.1873333333
CA                                                        70
       -2.2766666667       -7.7406666667        0.4553333333
CA                                                        71
       -5.0086666667      -10.4726666667        5.9193333333
CA                                                        72
       -5.0086666667       -7.7406666667        8.6513333333
CA                                                        73
       -2.2766666667      -10.4726666667        8.6513333333
CA                                                        74
       -2.2766666667       -7.7406666667        5.9193333333
CA                                                        75
       -5.0086666667       -5.0086666667      -10.4726666667
CA                                                        76
       -5.0086666667       -2.2766666667       -7.7406666667
CA                                                        77
       -2.2766666667       -5.0086666667       -7.7406666667
CA                                                        78
       -2.2766666667       -2.2766666667      -10.4726666667
CA                                                        79
       -5.0086666667       -2.2766666667       -2.2766666667
CA                                                        80
       -2.2766666667       -5.0086666667       -2.2766666667
CA                                                        81
       -2.2766666667       -2.2766666667       -5.0086666667
CA                                                        82
       -5.0086666667       -5.0086666667        0.4553333333
CA                                                        83
       -5.0086666667       -2.2766666667        3.1873333333
CA                                                        84
       -2.2766666667       -2.2766666667        0.4553333333
CA                                                        85
       -5.0086666667       -5.0086666667        5.9193333333
CA                                                        86
       -5.0086666667       -2.2766666667        8.6513333333
CA                                                        87
       -2.2766666667       -5.0086666667        8.6513333333
CA                                                        88
       -2.2766666667       -2.2766666667        5.9193333333
CA                                                        89
       -5.0086666667        0.4553333333      -10.4726666667
CA                                                        90
       -2.2766666667        0.4553333333       -7.7406666667
CA                                                        91
       -2.2766666667        3.1873333333      -10.4726666667
CA                                                        92
       -5.0086666667        0.4553333333       -5.0086666667
CA                                                        93
       -5.0086666667        3.1873333333       -2.2766666667
CA                                                        94
       -2.2766666667        0.4553333333       -2.2766666667
CA                                                        95
       -2.2766666667        3.1873333333       -5.0086666667
CA                                                        96
       -5.0086666667        0.4553333333        0.4553333333
CA                                                        97
       -5.0086666667        3.1873333333        3.1873333333
CA                                                        98
       -2.2766666667        0.4553333333        3.1873333333
CA                                                        99
       -2.2766666667        3.1873333333        0.4553333333
CA                                                       100
       -5.0086666667        0.4553333333        5.9193333333
CA                                                       101
       -5.0086666667        3.1873333333        8.6513333333
CA                                                       102
       -2.2766666667        0.4553333333        8.6513333333
CA                                                       103
       -2.2766666667        3.1873333333        5.9193333333
CA                                                       104
       -5.0086666667        5.9193333333      -10.4726666667
CA                                                       105
       -5.0086666667        8.6513333333       -7.7406666667
CA                                                       106
       -2.2766666667        5.9193333333       -7.7406666667
CA                                                       107
       -2.2766666667        8.6513333333      -10.4726666667
CA                                                       108
       -5.0086666667        5.9193333333       -5.0086666667
CA                                                       109
       -5.0086666667        8.6513333333       -2.2766666667
CA                                                       110
       -2.2766666667        5.9193333333       -2.2766666667
CA                                                       111
       -2.2766666667        8.6513333333       -5.0086666667
CA                                                       112
       -5.0086666667        5.9193333333        0.4553333333
CA                                                       113
       -5.0086666667        8.6513333333        3.1873333333
CA                                                       114
       -2.2766666667        5.9193333333        3.1873333333
CA                                                       115
       -2.2766666667        8.6513333333        0.4553333333
CA                                                       116
       -5.0086666667        5.9193333333        5.9193333333
CA                                                       117
       -5.0086666667        8.6513333333        8.6513333333
CA                                                       118
       -2.2766666667        5.9193333333        8.6513333333
CA                                                       119
        0.4553333333      -10.4726666667      -10.4726666667
CA                                                       120
        0.4553333333       -7.7406666667       -7.7406666667
CA                                                       121
        3.1873333333       -7.7406666667      -10.4726666667
CA                                                       122
        0.4553333333       -7.7406666667       -2.2766666667
CA                                                       123
        3.1873333333      -10.4726666667       -2.2766666667
CA                                                       124
        3.1873333333       -7.7406666667       -5.0086666667
CA                                                       125
        0.4553333333       -7.7406666667        3.1873333333
CA                                                       126
        3.1873333333      -10.4726666667        3.1873333333
CA                                                       127
        3.1873333333       -7.7406666667        0.4553333333
CA                                                       128
        0.4553333333       -7.7406666667        8.6513333333
CA                                                       129
        3.1873333333      -10.4726666667        8.6513333333
CA                                                       130
        3.1873333333       -7.7406666667        5.9193333333
CA                                                       131
        0.4553333333       -5.0086666667      -10.4726666667
CA                                                       132
        0.4553333333       -2.2766666667       -7.7406666667
CA                                                       133
        3.1873333333       -5.0086666667       -7.7406666667
CA                                                       134
        3.1873333333       -2.2766666667      -10.4726666667
CA                                                       135
        0.4553333333       -5.0086666667       -5.0086666667
CA                                                       136
        3.1873333333       -5.0086666667       -2.2766666667
CA                                                       137
        3.1873333333       -2.2766666667       -5.0086666667
CA                                                       138
        0.4553333333       -5.0086666667        0.4553333333
CA                                                       139
        0.4553333333       -2.2766666667        3.1873333333
CA                                                       140
        3.1873333333       -5.0086666667        3.1873333333
CA                                                       141
        3.1873333333       -2.2766666667        0.4553333333
CA                                                       142
        0.4553333333       -2.2766666667        8.6513333333
CA                                                       143
        3.1873333333       -5.0086666667        8.6513333333
CA                                                       144
        3.1873333333       -2.2766666667        5.9193333333
CA                                                       145
        0.4553333333        0.4553333333      -10.4726666667
CA                                                       146
        0.4553333333        3.1873333333       -7.7406666667
CA                                                       147
        3.1873333333        0.4553333333       -7.7406666667
CA                                                       148
        3.1873333333        3.1873333333      -10.4726666667
CA                                                       149
        0.4553333333        0.4553333333       -5.0086666667
CA                                                       150
        0.4553333333        3.1873333333       -2.2766666667
CA                                                       151
        3.1873333333        0.4553333333       -2.2766666667
CA                                                       152
        0.4553333333        0.4553333333        0.4553333333
CA                                                       153
        0.4553333333        3.1873333333        3.1873333333
CA                                                       154
        3.1873333333        0.4553333333        3.1873333333
CA                                                       155
        3.1873333333        3.1873333333        0.4553333333
CA                                                       156
        0.4553333333        0.4553333333        5.9193333333
CA                                                       157
        0.4553333333        3.1873333333        8.6513333333
CA                                                       158
        3.1873333333        0.4553333333        8.6513333333
CA                                                       159
        3.1873333333        3.1873333333        5.9193333333
CA                                                       160
        0.4553333333        5.9193333333      -10.4726666667
CA                                                       161
        0.4553333333        8.6513333333       -7.7406666667
CA                                                       162
        3.1873333333        5.9193333333       -7.7406666667
CA                                                       163
        3.1873333333        8.6513333333      -10.4726666667
CA                                                       164
        0.4553333333        5.9193333333       -5.0086666667
CA                                                       165
        0.4553333333        8.6513333333       -2.2766666667
CA                                                       166
        3.1873333333        5.9193333333       -2.2766666667
CA                                                       167
        3.1873333333        8.6513333333       -5.0086666667
CA                                                       168
        0.4553333333        5.9193333333        0.4553333333
CA                                                       169
        0.4553333333        8.6513333333        3.1873333333
CA                                                       170
        3.1873333333        5.9193333333        3.1873333333
CA                                                       171
        3.1873333333        8.6513333333        0.4553333333
CA                                                       172
        0.4553333333        5.9193333333        5.9193333333
CA                                                       173
        0.4553333333        8.6513333333        8.6513333333
CA                                                       174
        3.1873333333        5.9193333333        8.6513333333
CA                                                       175
        3.1873333333        8.6513333333        5.9193333333
CA                                                       176
        5.9193333333       -7.7406666667       -7.7406666667
CA                                                       177
        8.6513333333      -10.4726666667       -7.7406666667
CA                                                       178
        8.6513333333       -7.7406666667      -10.4726666667
CA                                                       179
        5.9193333333      -10.4726666667       -5.0086666667
CA                                                       180
        5.9193333333       -7.7406666667       -2.2766666667
CA                                                       181
        8.6513333333      -10.4726666667       -2.2766666667
CA                                                       182
        5.9193333333      -10.4726666667        0.4553333333
CA                                                       183
        5.9193333333       -7.7406666667        3.1873333333
CA                                                       184
        8.6513333333      -10.4726666667        3.1873333333
CA                                                       185
        8.6513333333       -7.7406666667        0.4553333333
CA                                                       186
        5.9193333333      -10.4726666667        5.9193333333
CA                                                       187
        5.9193333333       -7.7406666667        8.6513333333
CA                                                       188
        8.6513333333      -10.4726666667        8.6513333333
CA                                                       189
        8.6513333333       -7.7406666667        5.9193333333
CA                                                       190
        5.9193333333       -5.0086666667      -10.4726666667
CA                                                       191
        8.6513333333       -5.0086666667       -7.7406666667
CA                                                       192
        8.6513333333       -2.2766666667      -10.4726666667
CA                                                       193
        5.9193333333       -5.0086666667       -5.0086666667
CA                                                       194
        5.9193333333       -2.2766666667       -2.2766666667
CA                                                       195
        8.6513333333       -2.2766666667       -5.0086666667
CA                                                       196
        5.9193333333       -5.0086666667        0.4553333333
CA                                                       197
        8.6513333333       -5.0086666667        3.1873333333
CA                                                       198
        8.6513333333       -2.2766666667        0.4553333333
CA                                                       199
        5.9193333333       -5.0086666667        5.9193333333
CA                                                       200
        5.9193333333       -2.2766666667        8.6513333333
CA                                                       201
        8.6513333333       -5.0086666667        8.6513333333
CA                                                       202
        8.6513333333       -2.2766666667        5.9193333333
CA                                                       203
        5.9193333333        0.4553333333      -10.4726666667
CA                                                       204
        5.9193333333        3.1873333333       -7.7406666667
CA                                                       205
        8.6513333333        0.4553333333       -7.7406666667
CA                                                       206
        8.6513333333        3.1873333333      -10.4726666667
CA                                                       207
        5.9193333333        0.4553333333       -5.0086666667
CA                                                       208
        5.9193333333        3.1873333333       -2.2766666667
CA                                                       209
        8.6513333333        0.4553333333       -2.2766666667
CA                                                       210
        8.6513333333        3.1873333333       -5.0086666667
CA                                                       211
        5.9193333333        0.4553333333        0.4553333333
CA                                                       212
        5.9193333333        3.1873333333        3.1873333333
CA                                                       213
        8.6513333333        0.4553333333        3.1873333333
CA                                                       214
        5.9193333333        0.4553333333        5.9193333333
CA                                                       215
        8.6513333333        0.4553333333        8.6513333333
CA                                                       216
        8.6513333333        3.1873333333        5.9193333333
CA                                                       217
        5.9193333333        5.9193333333      -10.4726666667
CA                                                       218
        5.9193333333        8.6513333333       -7.7406666667
CA                                                       219
        8.6513333333        5.9193333333       -7.7406666667
CA                                                       220
        8.6513333333        8.6513333333      -10.4726666667
CA                                                       221
        5.9193333333        8.6513333333       -2.2766666667
CA                                                       222
        8.6513333333        5.9193333333       -2.2766666667
CA                                                       223
        8.6513333333        8.6513333333       -5.0086666667
CA                                                       224
        5.9193333333        5.9193333333        0.4553333333
CA                                                       225
        5.9193333333        8.6513333333        3.1873333333
CA                                                       226
        8.6513333333        5.9193333333        3.1873333333
CA                                                       227
        8.6513333333        8.6513333333        0.4553333333
CA                                                       228
        5.9193333333        5.9193333333        5.9193333333
CA                                                       229
        5.9193333333        8.6513333333        8.6513333333
CA                                                       230
        8.6513333333        5.9193333333        8.6513333333
CA                                                       231
        8.6513333333        8.6513333333        5.9193333333
SR                                                       232
        5.9193333333       -2.2766666667       -7.7406666667
SR                                                       233
        0.4553333333       -5.0086666667        5.9193333333
SR                                                       234
       -2.2766666667        8.6513333333        5.9193333333
SR                                                       235
        5.9193333333      -10.4726666667      -10.4726666667
SR                                                       236
        8.6513333333        3.1873333333        0.4553333333
SR                                                       237
       -2.2766666667       -7.7406666667       -5.0086666667
SR                                                       238
        5.9193333333        3.1873333333        8.6513333333
SR                                                       239
        8.6513333333       -5.0086666667       -2.2766666667
SR                                                       240
       -5.0086666667       -5.0086666667       -5.0086666667
SR                                                       241
        3.1873333333      -10.4726666667       -7.7406666667
SR                                                       242
        5.9193333333       -2.2766666667        3.1873333333
SR                                                       243
       -7.7406666667       -5.0086666667       -7.7406666667
SR                                                       244
        0.4553333333      -10.4726666667       -5.0086666667
SR                                                       245
        5.9193333333        5.9193333333       -5.0086666667
SR                                                       246
       -7.7406666667       -2.2766666667        5.9193333333
SR                                                       247
        8.6513333333       -7.7406666667       -5.0086666667
SR                                                       248
       -7.7406666667      -10.4726666667        8.6513333333
SR                                                       249
        0.4553333333       -2.2766666667       -2.2766666667
SR                                                       250
      -10.4726666667        0.4553333333       -5.0086666667
SR                                                       251
        3.1873333333        3.1873333333       -5.0086666667
SR                                                       252
        0.4553333333      -10.4726666667        0.4553333333
SR                                                       253
       -5.0086666667        3.1873333333       -7.7406666667
SR                                                       254
       -5.0086666667       -7.7406666667       -7.7406666667
SR                                                       255
       -2.2766666667       -5.0086666667        3.1873333333
SR                                                       256
        0.4553333333      -10.4726666667        5.9193333333
F                                                        257
       -9.1066666667       -9.1066666667       -9.1066666667
F                                                        258
       -6.3746666667       -6.3746666667       -9.1066666667
F                                                        259
       -6.3746666667       -9.1066666667       -6.3746666667
F                                                        260
       -9.1066666667       -9.1066666667       -6.3746666667
F                                                        261
       -6.3746666667       -6.3746666667       -6.3746666667
F                                                        262
       -9.1066666667       -6.3746666667       -6.3746666667
F                                                        263
       -6.3746666667       -9.1066666667       -9.1066666667
F                                                        264
       -9.1066666667       -6.3746666667       -9.1066666667
F                                                        265
       -9.1066666667       -9.1066666667       -3.6426666667
F                                                        266
       -6.3746666667       -6.3746666667       -3.6426666667
F                                                        267
       -6.3746666667       -9.1066666667       -0.9106666667
F                                                        268
       -9.1066666667       -9.1066666667       -0.9106666667
F                                                        269
       -6.3746666667       -6.3746666667       -0.9106666667
F                                                        270
       -9.1066666667       -6.3746666667       -0.9106666667
F                                                        271
       -6.3746666667       -9.1066666667       -3.6426666667
F                                                        272
       -9.1066666667       -6.3746666667       -3.6426666667
F                                                        273
       -9.1066666667       -9.1066666667        1.8213333333
F                                                        274
       -6.3746666667       -6.3746666667        1.8213333333
F                                                        275
       -6.3746666667       -9.1066666667        4.5533333333
F                                                        276
       -9.1066666667       -9.1066666667        4.5533333333
F                                                        277
       -6.3746666667       -6.3746666667        4.5533333333
F                                                        278
       -9.1066666667       -6.3746666667        4.5533333333
F                                                        279
       -6.3746666667       -9.1066666667        1.8213333333
F                                                        280
       -9.1066666667       -6.3746666667        1.8213333333
F                                                        281
       -9.1066666667       -9.1066666667        7.2853333333
F                                                        282
       -6.3746666667       -6.3746666667        7.2853333333
F                                                        283
       -6.3746666667       -9.1066666667       10.0173333333
F                                                        284
       -9.1066666667       -9.1066666667       10.0173333333
F                                                        285
       -6.3746666667       -6.3746666667       10.0173333333
F                                                        286
       -9.1066666667       -6.3746666667       10.0173333333
F                                                        287
       -6.3746666667       -9.1066666667        7.2853333333
F                                                        288
       -9.1066666667       -6.3746666667        7.2853333333
F                                                        289
       -9.1066666667       -3.6426666667       -9.1066666667
F                                                        290
       -6.3746666667       -0.9106666667       -9.1066666667
F                                                        291
       -6.3746666667       -3.6426666667       -6.3746666667
F                                                        292
       -9.1066666667       -3.6426666667       -6.3746666667
F                                                        293
       -6.3746666667       -0.9106666667       -6.3746666667
F                                                        294
       -9.1066666667       -0.9106666667       -6.3746666667
F                                                        295
       -6.3746666667       -3.6426666667       -9.1066666667
F                                                        296
       -9.1066666667       -0.9106666667       -9.1066666667
F                                                        297
       -9.1066666667       -3.6426666667       -3.6426666667
F                                                        298
       -6.3746666667       -0.9106666667       -3.6426666667
F                                                        299
       -6.3746666667       -3.6426666667       -0.9106666667
F                                                        300
       -9.1066666667       -3.6426666667       -0.9106666667
F                                                        301
       -6.3746666667       -0.9106666667       -0.9106666667
F                                                        302
       -9.1066666667       -0.9106666667       -0.9106666667
F                                                        303
       -6.3746666667       -3.6426666667       -3.6426666667
F                                                        304
       -9.1066666667       -0.9106666667       -3.6426666667
F                                                        305
       -9.1066666667       -3.6426666667        1.8213333333
F                                                        306
       -6.3746666667       -0.9106666667        1.8213333333
F                                                        307
       -6.3746666667       -3.6426666667        4.5533333333
F                                                        308
       -9.1066666667       -3.6426666667        4.5533333333
F                                                        309
       -6.3746666667       -0.9106666667        4.5533333333
F                                                        310
       -9.1066666667       -0.9106666667        4.5533333333
F                                                        311
       -6.3746666667       -3.6426666667        1.8213333333
F                                                        312
       -9.1066666667       -0.9106666667        1.8213333333
F                                                        313
       -9.1066666667       -3.6426666667        7.2853333333
F                                                        314
       -6.3746666667       -0.9106666667        7.2853333333
F                                                        315
       -6.3746666667       -3.6426666667       10.0173333333
F                                                        316
       -9.1066666667       -3.6426666667       10.0173333333
F                                                        317
       -6.3746666667       -0.9106666667       10.0173333333
F                                                        318
       -9.1066666667       -0.9106666667       10.0173333333
F                                                        319
       -6.3746666667       -3.6426666667        7.2853333333
F                                                        320
       -9.1066666667       -0.9106666667        7.2853333333
F                                                        321
       -9.1066666667        1.8213333333       -9.1066666667
F                                                        322
       -6.3746666667        4.5533333333       -9.1066666667
F                                                        323
       -6.3746666667        1.8213333333       -6.3746666667
F                                                        324
       -9.1066666667        1.8213333333       -6.3746666667
F                                                        325
       -6.3746666667        4.5533333333       -6.3746666667
F                                                        326
       -9.1066666667        4.5533333333       -6.3746666667
F                                                        327
       -6.3746666667        1.8213333333       -9.1066666667
F                                                        328
       -9.1066666667        4.5533333333       -9.1066666667
F                                                        329
       -9.1066666667        1.8213333333       -3.6426666667
F                                                        330
       -6.3746666667        4.5533333333       -3.6426666667
F                                                        331
       -6.3746666667        1.8213333333       -0.9106666667
F                                                        332
       -9.1066666667        1.8213333333       -0.9106666667
F                                                        333
       -6.3746666667        4.5533333333       -0.9106666667
F                                                        334
       -9.1066666667        4.5533333333       -0.9106666667
F                                                        335
       -6.3746666667        1.8213333333       -3.6426666667
F                                                        336
       -9.1066666667        4.5533333333       -3.6426666667
F                                                        337
       -9.1066666667        1.8213333333        1.8213333333
F                                                        338
       -6.3746666667        4.5533333333        1.8213333333
F                                                        339
       -6.3746666667        1.8213333333        4.5533333333
F                                                        340
       -9.1066666667        1.8213333333        4.5533333333
F                                                        341
       -6.3746666667        4.5533333333        4.5533333333
F                                                        342
       -9.1066666667        4.5533333333        4.5533333333
F                                                        343
       -6.3746666667        1.8213333333        1.8213333333
F                                                        344
       -9.1066666667        4.5533333333        1.8213333333
F                                                        345
       -9.1066666667        1.8213333333        7.2853333333
F                                                        346
       -6.3746666667        4.5533333333        7.2853333333
F                                                        347
       -6.3746666667        1.8213333333       10.0173333333
F                                                        348
       -9.1066666667        1.8213333333       10.0173333333
F                                                        349
       -6.3746666667        4.5533333333       10.0173333333
F                                                        350
       -9.1066666667        4.5533333333       10.0173333333
F                                                        351
       -6.3746666667        1.8213333333        7.2853333333
F                                                        352
       -9.1066666667        4.5533333333        7.2853333333
F                                                        353
       -9.1066666667        7.2853333333       -9.1066666667
F                                                        354
       -6.3746666667       10.0173333333       -9.1066666667
F                                                        355
       -6.3746666667        7.2853333333       -6.3746666667
F                                                        356
       -9.1066666667        7.2853333333       -6.3746666667
F                                                        357
       -6.3746666667       10.0173333333       -6.3746666667
F                                                        358
       -9.1066666667       10.0173333333       -6.3746666667
F                                                        359
       -6.3746666667        7.2853333333       -9.1066666667
F                                                        360
       -9.1066666667       10.0173333333       -9.1066666667
F                                                        361
       -9.1066666667        7.2853333333       -3.6426666667
F                                                        362
       -6.3746666667       10.0173333333       -3.6426666667
F                                                        363
       -6.3746666667        7.2853333333       -0.9106666667
F                                                        364
       -9.1066666667        7.2853333333       -0.9106666667
F                                                        365
       -6.3746666667       10.0173333333       -0.9106666667
F                                                        366
       -9.1066666667       10.0173333333       -0.9106666667
F                                                        367
       -6.3746666667        7.2853333333       -3.6426666667
F                                                        368
       -9.1066666667       10.0173333333       -3.6426666667
F                                                        369
       -9.1066666667        7.2853333333        1.8213333333
F                                                        370
       -6.3746666667       10.0173333333        1.8213333333
F                                                        371
       -6.3746666667        7.2853333333        4.5533333333
F                                                        372
       -9.1066666667        7.2853333333        4.5533333333
F                                                        373
       -6.3746666667       10.0173333333        4.5533333333
F                                                        374
       -9.1066666667       10.0173333333        4.5533333333
F                                                        375
       -6.3746666667        7.2853333333        1.8213333333
F                                                        376
       -9.1066666667       10.0173333333        1.8213333333
F                                                        377
       -9.1066666667        7.2853333333        7.2853333333
F                                                        378
       -6.3746666667       10.0173333333        7.2853333333
F                                                        379
       -6.3746666667        7.2853333333       10.0173333333
F                                                        380
       -9.1066666667        7.2853333333       10.0173333333
F                                                        381
       -6.3746666667       10.0173333333       10.0173333333
F                                                        382
       -9.1066666667       10.0173333333       10.0173333333
F                                                        383
       -6.3746666667        7.2853333333        7.2853333333
F                                                        384
       -9.1066666667       10.0173333333        7.2853333333
F                                                        385
       -3.6426666667       -9.1066666667       -9.1066666667
F                                                        386
       -0.9106666667       -6.3746666667       -9.1066666667
F                                                        387
       -0.9106666667       -9.1066666667       -6.3746666667
F                                                        388
       -3.6426666667       -9.1066666667       -6.3746666667
F                                                        389
       -0.9106666667       -6.3746666667       -6.3746666667
F                                                        390
       -3.6426666667       -6.3746666667       -6.3746666667
F                                                        391
       -0.9106666667       -9.1066666667       -9.1066666667
F                                                        392
       -3.6426666667       -6.3746666667       -9.1066666667
F                                                        393
       -3.6426666667       -9.1066666667       -3.6426666667
F                                                        394
       -0.9106666667       -6.3746666667       -3.6426666667
F                                                        395
       -0.9106666667       -9.1066666667       -0.9106666667
F                                                        396
       -3.6426666667       -9.1066666667       -0.9106666667
F                                                        397
       -0.9106666667       -6.3746666667       -0.9106666667
F                                                        398
       -3.6426666667       -6.3746666667       -0.9106666667
F                                                        399
       -0.9106666667       -9.1066666667       -3.6426666667
F                                                        400
       -3.6426666667       -6.3746666667       -3.6426666667
F                                                        401
       -3.6426666667       -9.1066666667        1.8213333333
F                                                        402
       -0.9106666667       -6.3746666667        1.8213333333
F                                                        403
       -0.9106666667       -9.1066666667        4.5533333333
F                                                        404
       -3.6426666667       -9.1066666667        4.5533333333
F                                                        405
       -0.9106666667       -6.3746666667        4.5533333333
F                                                        406
       -3.6426666667       -6.3746666667        4.5533333333
F                                                        407
       -0.9106666667       -9.1066666667        1.8213333333
F                                                        408
       -3.6426666667       -6.3746666667        1.8213333333
F                                                        409
       -3.6426666667       -9.1066666667        7.2853333333
F                                                        410
       -0.9106666667       -6.3746666667        7.2853333333
F                                                        411
       -0.9106666667       -9.1066666667       10.0173333333
F                                                        412
       -3.6426666667       -9.1066666667       10.0173333333
F                                                        413
       -0.9106666667       -6.3746666667       10.0173333333
F                                                        414
       -3.6426666667       -6.3746666667       10.0173333333
F                                                        415
       -0.9106666667       -9.1066666667        7.2853333333
F                                                        416
       -3.6426666667       -6.3746666667        7.2853333333
F                                                        417
       -3.6426666667       -3.6426666667       -9.1066666667
F                                                        418
       -0.9106666667       -0.9106666667       -9.1066666667
F                                                        419
       -0.9106666667       -3.6426666667       -6.3746666667
F                                                        420
       -3.6426666667       -3.6426666667       -6.3746666667
F                                                        421
       -0.9106666667       -0.9106666667       -6.3746666667
F                                                        422
       -3.6426666667       -0.9106666667       -6.3746666667
F                                                        423
       -0.9106666667       -3.6426666667       -9.1066666667
F                                                        424
       -3.6426666667       -0.9106666667       -9.1066666667
F                                                        425
       -3.6426666667       -3.6426666667       -3.6426666667
F                                                        426
       -0.9106666667       -0.9106666667       -3.6426666667
F                                                        427
       -0.9106666667       -3.6426666667       -0.9106666667
F                                                        428
       -3.6426666667       -3.6426666667       -0.9106666667
F                                                        429
       -0.9106666667       -0.9106666667       -0.9106666667
F                                                        430
       -3.6426666667       -0.9106666667       -0.9106666667
F                                                        431
       -0.9106666667       -3.6426666667       -3.6426666667
F                                                        432
       -3.6426666667       -0.9106666667       -3.6426666667
F                                                        433
       -3.6426666667       -3.6426666667        1.8213333333
F                                                        434
       -0.9106666667       -0.9106666667        1.8213333333
F                                                        435
       -0.9106666667       -3.6426666667        4.5533333333
F                                                        436
       -3.6426666667       -3.6426666667        4.5533333333
F                                                        437
       -0.9106666667       -0.9106666667        4.5533333333
F                                                        438
       -3.6426666667       -0.9106666667        4.5533333333
F                                                        439
       -0.9106666667       -3.6426666667        1.8213333333
F                                                        440
       -3.6426666667       -0.9106666667        1.8213333333
F                                                        441
       -3.6426666667       -3.6426666667        7.2853333333
F                                                        442
       -0.9106666667       -0.9106666667        7.2853333333
F                                                        443
       -0.9106666667       -3.6426666667       10.0173333333
F                                                        444
       -3.6426666667       -3.6426666667       10.0173333333
F                                                        445
       -0.9106666667       -0.9106666667       10.0173333333
F                                                        446
       -3.6426666667       -0.9106666667       10.0173333333
F                                                        447
       -0.9106666667       -3.6426666667        7.2853333333
F                                                        448
       -3.6426666667       -0.9106666667        7.2853333333
F                                                        449
       -3.6426666667        1.8213333333       -9.1066666667
F                                                        450
       -0.9106666667        4.5533333333       -9.1066666667
F                                                        451
       -0.9106666667        1.8213333333       -6.3746666667
F                                                        452
       -3.6426666667        1.8213333333       -6.3746666667
F                                                        453
       -0.9106666667        4.5533333333       -6.3746666667
F                                                        454
       -3.6426666667        4.5533333333       -6.3746666667
F                                                        455
       -0.9106666667        1.8213333333       -9.1066666667
F                                                        456
       -3.6426666667        4.5533333333       -9.1066666667
F                                                        457
       -3.6426666667        1.8213333333       -3.6426666667
F                                                        458
       -0.9106666667        4.5533333333       -3.6426666667
F                                                        459
       -0.9106666667        1.8213333333       -0.9106666667
F                                                        460
       -3.6426666667        1.8213333333       -0.9106666667
F                                                        461
       -0.9106666667        4.5533333333       -0.9106666667
F                                                        462
       -3.6426666667        4.5533333333       -0.9106666667
F                                                        463
       -0.9106666667        1.8213333333       -3.6426666667
F                                                        464
       -3.6426666667        4.5533333333       -3.6426666667
F                                                        465
       -3.6426666667        1.8213333333        1.8213333333
F                                                        466
       -0.9106666667        4.5533333333        1.8213333333
F                                                        467
       -0.9106666667        1.8213333333        4.5533333333
F                                                        468
       -3.6426666667        1.8213333333        4.5533333333
F                                                        469
       -0.9106666667        4.5533333333        4.5533333333
F                                                        470
       -3.6426666667        4.5533333333        4.5533333333
F                                                        471
       -0.9106666667        1.8213333333        1.8213333333
F                                                        472
       -3.6426666667        4.5533333333        1.8213333333
F                                                        473
       -3.6426666667        1.8213333333        7.2853333333
F                                                        474
       -0.9106666667        4.5533333333        7.2853333333
F                                                        475
       -0.9106666667        1.8213333333       10.0173333333
F                                                        476
       -3.6426666667        1.8213333333       10.0173333333
F                                                        477
       -0.9106666667        4.5533333333       10.0173333333
F                                                        478
       -3.6426666667        4.5533333333       10.0173333333
F                                                        479
       -0.9106666667        1.8213333333        7.2853333333
F                                                        480
       -3.6426666667        4.5533333333        7.2853333333
F                                                        481
       -3.6426666667        7.2853333333       -9.1066666667
F                                                        482
       -0.9106666667       10.0173333333       -9.1066666667
F                                                        483
       -0.9106666667        7.2853333333       -6.3746666667
F                                                        484
       -3.6426666667        7.2853333333       -6.3746666667
F                                                        485
       -0.9106666667       10.0173333333       -6.3746666667
F                                                        486
       -3.6426666667       10.0173333333       -6.3746666667
F                                                        487
       -0.9106666667        7.2853333333       -9.1066666667
F                                                        488
       -3.6426666667       10.0173333333       -9.1066666667
F                                                        489
       -3.6426666667        7.2853333333       -3.6426666667
F                                                        490
       -0.9106666667       10.0173333333       -3.6426666667
F                                                        491
       -0.9106666667        7.2853333333       -0.9106666667
F                                                        492
       -3.6426666667        7.2853333333       -0.9106666667
F                                                        493
       -0.9106666667       10.0173333333       -0.9106666667
F                                                        494
       -3.6426666667       10.0173333333       -0.9106666667
F                                                        495
       -0.9106666667        7.2853333333       -3.6426666667
F                                                        496
       -3.6426666667       10.0173333333       -3.6426666667
F                                                        497
       -3.6426666667        7.2853333333        1.8213333333
F                                                        498
       -0.9106666667       10.0173333333        1.8213333333
F                                                        499
       -0.9106666667        7.2853333333        4.5533333333
F                                                        500
       -3.6426666667        7.2853333333        4.5533333333
F                                                        501
       -0.9106666667       10.0173333333        4.5533333333
F                                                        502
       -3.6426666667       10.0173333333        4.5533333333
F                                                        503
       -0.9106666667        7.2853333333        1.8213333333
F                                                        504
       -3.6426666667       10.0173333333        1.8213333333
F                                                        505
       -3.6426666667        7.2853333333        7.2853333333
F                                                        506
       -0.9106666667       10.0173333333        7.2853333333
F                                                        507
       -0.9106666667        7.2853333333       10.0173333333
F                                                        508
       -3.6426666667        7.2853333333       10.0173333333
F                                                        509
       -0.9106666667       10.0173333333       10.0173333333
F                                                        510
       -3.6426666667       10.0173333333       10.0173333333
F                                                        511
       -0.9106666667        7.2853333333        7.2853333333
F                                                        512
       -3.6426666667       10.0173333333        7.2853333333
F                                                        513
        1.8213333333       -9.1066666667       -9.1066666667
F                                                        514
        4.5533333333       -6.3746666667       -9.1066666667
F                                                        515
        4.5533333333       -9.1066666667       -6.3746666667
F                                                        516
        1.8213333333       -9.1066666667       -6.3746666667
F                                                        517
        4.5533333333       -6.3746666667       -6.3746666667
F                                                        518
        1.8213333333       -6.3746666667       -6.3746666667
F                                                        519
        4.5533333333       -9.1066666667       -9.1066666667
F                                                        520
        1.8213333333       -6.3746666667       -9.1066666667
F                                                        521
        1.8213333333       -9.1066666667       -3.6426666667
F                                                        522
        4.5533333333       -6.3746666667       -3.6426666667
F                                                        523
        4.5533333333       -9.1066666667       -0.9106666667
F                                                        524
        1.8213333333       -9.1066666667       -0.9106666667
F                                                        525
        4.5533333333       -6.3746666667       -0.9106666667
F                                                        526
        1.8213333333       -6.3746666667       -0.9106666667
F                                                        527
        4.5533333333       -9.1066666667       -3.6426666667
F                                                        528
        1.8213333333       -6.3746666667       -3.6426666667
F                                                        529
        1.8213333333       -9.1066666667        1.8213333333
F                                                        530
        4.5533333333       -6.3746666667        1.8213333333
F                                                        531
        4.5533333333       -9.1066666667        4.5533333333
F                                                        532
        1.8213333333       -9.1066666667        4.5533333333
F                                                        533
        4.5533333333       -6.3746666667        4.5533333333
F                                                        534
        1.8213333333       -6.3746666667        4.5533333333
F                                                        535
        4.5533333333       -9.1066666667        1.8213333333
F                                                        536
        1.8213333333       -6.3746666667        1.8213333333
F                                                        537
        1.8213333333       -9.1066666667        7.2853333333
F                                                        538
        4.5533333333       -6.3746666667        7.2853333333
F                                                        539
        4.5533333333       -9.1066666667       10.0173333333
F                                                        540
        1.8213333333       -9.1066666667       10.0173333333
F                                                        541
        4.5533333333       -6.3746666667       10.0173333333
F                                                        542
        1.8213333333       -6.3746666667       10.0173333333
F                                                        543
        4.5533333333       -9.1066666667        7.2853333333
F                                                        544
        1.8213333333       -6.3746666667        7.2853333333
F                                                        545
        1.8213333333       -3.6426666667       -9.1066666667
F                                                        546
        4.5533333333       -0.9106666667       -9.1066666667
F                                                        547
        4.5533333333       -3.6426666667       -6.3746666667
F                                                        548
        1.8213333333       -3.6426666667       -6.3746666667
F                                                        549
        4.5533333333       -0.9106666667       -6.3746666667
F                                                        550
        1.8213333333       -0.9106666667       -6.3746666667
F                                                        551
        4.5533333333       -3.6426666667       -9.1066666667
F                                                        552
        1.8213333333       -0.9106666667       -9.1066666667
F                                                        553
        1.8213333333       -3.6426666667       -3.6426666667
F                                                        554
        4.5533333333       -0.9106666667       -3.6426666667
F                                                        555
        4.5533333333       -3.6426666667       -0.9106666667
F                                                        556
        1.8213333333       -3.6426666667       -0.9106666667
F                                                        557
        4.5533333333       -0.9106666667       -0.9106666667
F                                                        558
        1.8213333333       -0.9106666667       -0.9106666667
F                                                        559
        4.5533333333       -3.6426666667       -3.6426666667
F                                                        560
        1.8213333333       -0.9106666667       -3.6426666667
F                                                        561
        1.8213333333       -3.6426666667        1.8213333333
F                                                        562
        4.5533333333       -0.9106666667        1.8213333333
F                                                        563
        4.5533333333       -3.6426666667        4.5533333333
F                                                        564
        1.8213333333       -3.6426666667        4.5533333333
F                                                        565
        4.5533333333       -0.9106666667        4.5533333333
F                                                        566
        1.8213333333       -0.9106666667        4.5533333333
F                                                        567
        4.5533333333       -3.6426666667        1.8213333333
F                                                        568
        1.8213333333       -0.9106666667        1.8213333333
F                                                        569
        1.8213333333       -3.6426666667        7.2853333333
F                                                        570
        4.5533333333       -0.9106666667        7.2853333333
F                                                        571
        4.5533333333       -3.6426666667       10.0173333333
F                                                        572
        1.8213333333       -3.6426666667       10.0173333333
F                                                        573
        4.5533333333       -0.9106666667       10.0173333333
F                                                        574
        1.8213333333       -0.9106666667       10.0173333333
F                                                        575
        4.5533333333       -3.6426666667        7.2853333333
F                                                        576
        1.8213333333       -0.9106666667        7.2853333333
F                                                        577
        1.8213333333        1.8213333333       -9.1066666667
F                                                        578
        4.5533333333        4.5533333333       -9.1066666667
F                                                        579
        4.5533333333        1.8213333333       -6.3746666667
F                                                        580
        1.8213333333        1.8213333333       -6.3746666667
F                                                        581
        4.5533333333        4.5533333333       -6.3746666667
F                                                        582
        1.8213333333        4.5533333333       -6.3746666667
F                                                        583
        4.5533333333        1.8213333333       -9.1066666667
F                                                        584
        1.8213333333        4.5533333333       -9.1066666667
F                                                        585
        1.8213333333        1.8213333333       -3.6426666667
F                                                        586
        4.5533333333        4.5533333333       -3.6426666667
F                                                        587
        4.5533333333        1.8213333333       -0.9106666667
F                                                        588
        1.8213333333        1.8213333333       -0.9106666667
F                                                        589
        4.5533333333        4.5533333333       -0.9106666667
F                                                        590
        1.8213333333        4.5533333333       -0.9106666667
F                                                        591
        4.5533333333        1.8213333333       -3.6426666667
F                                                        592
        1.8213333333        4.5533333333       -3.6426666667
F                                                        593
        1.8213333333        1.8213333333        1.8213333333
F                                                        594
        4.5533333333        4.5533333333        1.8213333333
F                                                        595
        4.5533333333        1.8213333333        4.5533333333
F                                                        596
        1.8213333333        1.8213333333        4.5533333333
F                                                        597
        4.5533333333        4.5533333333        4.5533333333
F                                                        598
        1.8213333333        4.5533333333        4.5533333333
F                                                        599
        4.5533333333        1.8213333333        1.8213333333
F                                                        600
        1.8213333333        4.5533333333        1.8213333333
F                                                        601
        1.8213333333        1.8213333333        7.2853333333
F                                                        602
        4.5533333333        4.5533333333        7.2853333333
F                                                        603
        4.5533333333        1.8213333333       10.0173333333
F                                                        604
        1.8213333333        1.8213333333       10.0173333333
F                                                        605
        4.5533333333        4.5533333333       10.0173333333
F                                                        606
        1.8213333333        4.5533333333       10.0173333333
F                                                        607
        4.5533333333        1.8213333333        7.2853333333
F                                                        608
        1.8213333333        4.5533333333        7.2853333333
F                                                        609
        1.8213333333        7.2853333333       -9.1066666667
F                                                        610
        4.5533333333       10.0173333333       -9.1066666667
F                                                        611
        4.5533333333        7.2853333333       -6.3746666667
F                                                        612
        1.8213333333        7.2853333333       -6.3746666667
F                                                        613
        4.5533333333       10.0173333333       -6.3746666667
F                                                        614
        1.8213333333       10.0173333333       -6.3746666667
F                                                        615
        4.5533333333        7.2853333333       -9.1066666667
F                                                        616
        1.8213333333       10.0173333333       -9.1066666667
F                                                        617
        1.8213333333        7.2853333333       -3.6426666667
F                                                        618
        4.5533333333       10.0173333333       -3.6426666667
F                                                        619
        4.5533333333        7.2853333333       -0.9106666667
F                                                        620
        1.8213333333        7.2853333333       -0.9106666667
F                                                        621
        4.5533333333       10.0173333333       -0.9106666667
F                                                        622
        1.8213333333       10.0173333333       -0.9106666667
F                                                        623
        4.5533333333        7.2853333333       -3.6426666667
F                                                        624
        1.8213333333       10.0173333333       -3.6426666667
F                                                        625
        1.8213333333        7.2853333333        1.8213333333
F                                                        626
        4.5533333333       10.0173333333        1.8213333333
F                                                        627
        4.5533333333        7.2853333333        4.5533333333
F                                                        628
        1.8213333333        7.2853333333        4.5533333333
F                                                        629
        4.5533333333       10.0173333333        4.5533333333
F                                                        630
        1.8213333333       10.0173333333        4.5533333333
F                                                        631
        4.5533333333        7.2853333333        1.8213333333
F                                                        632
        1.8213333333       10.0173333333        1.8213333333
F                                                        633
        1.8213333333        7.2853333333        7.2853333333
F                                                        634
        4.5533333333       10.0173333333        7.2853333333
F                                                        635
        4.5533333333        7.2853333333       10.0173333333
F                                                        636
        1.8213333333        7.2853333333       10.0173333333
F                                                        637
        4.5533333333       10.0173333333       10.0173333333
F                                                        638
        1.8213333333       10.0173333333       10.0173333333
F                                                        639
        4.5533333333        7.2853333333        7.2853333333
F                                                        640
        1.8213333333       10.0173333333        7.2853333333
F                                                        641
        7.2853333333       -9.1066666667       -9.1066666667
F                                                        642
       10.0173333333       -6.3746666667       -9.1066666667
F                                                        643
       10.0173333333       -9.1066666667       -6.3746666667
F                                                        644
        7.2853333333       -9.1066666667       -6.3746666667
F                                                        645
       10.0173333333       -6.3746666667       -6.3746666667
F                                                        646
        7.2853333333       -6.3746666667       -6.3746666667
F                                                        647
       10.0173333333       -9.1066666667       -9.1066666667
F                                                        648
        7.2853333333       -6.3746666667       -9.1066666667
F                                                        649
        7.2853333333       -9.1066666667       -3.6426666667
F                                                        650
       10.0173333333       -6.3746666667       -3.6426666667
F                                                        651
       10.0173333333       -9.1066666667       -0.9106666667
F                                                        652
        7.2853333333       -9.1066666667       -0.9106666667
F                                                        653
       10.0173333333       -6.3746666667       -0.9106666667
F                                                        654
        7.2853333333       -6.3746666667       -0.9106666667
F                                                        655
       10.0173333333       -9.1066666667       -3.6426666667
F                                                        656
        7.2853333333       -6.3746666667       -3.6426666667
F                                                        657
        7.2853333333       -9.1066666667        1.8213333333
F                                                        658
       10.0173333333       -6.3746666667        1.8213333333
F                                                        659
       10.0173333333       -9.1066666667        4.5533333333
F                                                        660
        7.2853333333       -9.1066666667        4.5533333333
F                                                        661
       10.0173333333       -6.3746666667        4.5533333333
F                                                        662
        7.2853333333       -6.3746666667        4.5533333333
F                                                        663
       10.0173333333       -9.1066666667        1.8213333333
F                                                        664
        7.2853333333       -6.3746666667        1.8213333333
F                                                        665
        7.2853333333       -9.1066666667        7.2853333333
F                                                        666
       10.0173333333       -6.3746666667        7.2853333333
F                                                        667
       10.0173333333       -9.1066666667       10.0173333333
F                                                        668
        7.2853333333       -9.1066666667       10.0173333333
F                                                        669
       10.0173333333       -6.3746666667       10.0173333333
F                                                        670
        7.2853333333       -6.3746666667       10.0173333333
F                                                        671
       10.0173333333       -9.1066666667        7.2853333333
F                                                        672
        7.2853333333       -6.3746666667        7.2853333333
F                                                        673
        7.2853333333       -3.6426666667       -9.1066666667
F                                                        674
       10.0173333333       -0.9106666667       -9.1066666667
F                                                        675
       10.0173333333       -3.6426666667       -6.3746666667
F                                                        676
        7.2853333333       -3.6426666667       -6.3746666667
F                                                        677
       10.0173333333       -0.9106666667       -6.3746666667
F                                                        678
        7.2853333333       -0.9106666667       -6.3746666667
F                                                        679
       10.0173333333       -3.6426666667       -9.1066666667
F                                                        680
        7.2853333333       -0.9106666667       -9.1066666667
F                                                        681
        7.2853333333       -3.6426666667       -3.6426666667
F                                                        682
       10.0173333333       -0.9106666667       -3.6426666667
F                                                        683
       10.0173333333       -3.6426666667       -0.9106666667
F                                                        684
        7.2853333333       -3.6426666667       -0.9106666667
F                                                        685
       10.0173333333       -0.9106666667       -0.9106666667
F                                                        686
        7.2853333333       -0.9106666667       -0.9106666667
F                                                        687
       10.0173333333       -3.6426666667       -3.6426666667
F                                                        688
        7.2853333333       -0.9106666667       -3.6426666667
F                                                        689
        7.2853333333       -3.6426666667        1.8213333333
F                                                        690
       10.0173333333       -0.9106666667        1.8213333333
F                                                        691
       10.0173333333       -3.6426666667        4.5533333333
F                                                        692
        7.2853333333       -3.6426666667        4.5533333333
F                                                        693
       10.0173333333       -0.9106666667        4.5533333333
F                                                        694
        7.2853333333       -0.9106666667        4.5533333333
F                                                        695
       10.0173333333       -3.6426666667        1.8213333333
F                                                        696
        7.2853333333       -0.9106666667        1.8213333333
F                                                        697
        7.2853333333       -3.6426666667        7.2853333333
F                                                        698
       10.0173333333       -0.9106666667        7.2853333333
F                                                        699
       10.0173333333       -3.6426666667       10.0173333333
F                                                        700
        7.2853333333       -3.6426666667       10.0173333333
F                                                        701
       10.0173333333       -0.9106666667       10.0173333333
F                                                        702
        7.2853333333       -0.9106666667       10.0173333333
F                                                        703
       10.0173333333       -3.6426666667        7.2853333333
F                                                        704
        7.2853333333       -0.9106666667        7.2853333333
F                                                        705
        7.2853333333        1.8213333333       -9.1066666667
F                                                        706
       10.0173333333        4.5533333333       -9.1066666667
F                                                        707
       10.0173333333        1.8213333333       -6.3746666667
F                                                        708
        7.2853333333        1.8213333333       -6.3746666667
F                                                        709
       10.0173333333        4.5533333333       -6.3746666667
F                                                        710
        7.2853333333        4.5533333333       -6.3746666667
F                                                        711
       10.0173333333        1.8213333333       -9.1066666667
F                                                        712
        7.2853333333        4.5533333333       -9.1066666667
F                                                        713
        7.2853333333        1.8213333333       -3.6426666667
F                                                        714
       10.0173333333        4.5533333333       -3.6426666667
F                                                        715
       10.0173333333        1.8213333333       -0.9106666667
F                                                        716
        7.2853333333        1.8213333333       -0.9106666667
F                                                        717
       10.0173333333        4.5533333333       -0.9106666667
F                                                        718
        7.2853333333        4.5533333333       -0.9106666667
F                                                        719
       10.0173333333        1.8213333333       -3.6426666667
F                                                        720
        7.2853333333        4.5533333333       -3.6426666667
F                                                        721
        7.2853333333        1.8213333333        1.8213333333
F                                                        722
       10.0173333333        4.5533333333        1.8213333333
F                                                        723
       10.0173333333        1.8213333333        4.5533333333
F                                                        724
        7.2853333333        1.8213333333        4.5533333333
F                                                        725
       10.0173333333        4.5533333333        4.5533333333
F                                                        726
        7.2853333333        4.5533333333        4.5533333333
F                                                        727
       10.0173333333        1.8213333333        1.8213333333
F                                                        728
        7.2853333333        4.5533333333        1.8213333333
F                                                        729
        7.2853333333        1.8213333333        7.2853333333
F                                                        730
       10.0173333333        4.5533333333        7.2853333333
F                                                        731
       10.0173333333        1.8213333333       10.0173333333
F                                                        732
        7.2853333333        1.8213333333       10.0173333333
F                                                        733
       10.0173333333        4.5533333333       10.0173333333
F                                                        734
        7.2853333333        4.5533333333       10.0173333333
F                                                        735
       10.0173333333        1.8213333333        7.2853333333
F                                                        736
        7.2853333333        4.5533333333        7.2853333333
F                                                        737
        7.2853333333        7.2853333333       -9.1066666667
F                                                        738
       10.0173333333       10.0173333333       -9.1066666667
F                                                        739
       10.0173333333        7.2853333333       -6.3746666667
F                                                        740
        7.2853333333        7.2853333333       -6.3746666667
F                                                        741
       10.0173333333       10.0173333333       -6.3746666667
F                                                        742
        7.2853333333       10.0173333333       -6.3746666667
F                                                        743
       10.0173333333        7.2853333333       -9.1066666667
F                                                        744
        7.2853333333       10.0173333333       -9.1066666667
F                                                        745
        7.2853333333        7.2853333333       -3.6426666667
F                                                        746
       10.0173333333       10.0173333333       -3.6426666667
F                                                        747
       10.0173333333        7.2853333333       -0.9106666667
F                                                        748
        7.2853333333        7.2853333333       -0.9106666667
F                                                        749
       10.0173333333       10.0173333333       -0.9106666667
F                                                        750
        7.2853333333       10.0173333333       -0.9106666667
F                                                        751
       10.0173333333        7.2853333333       -3.6426666667
F                                                        752
        7.2853333333       10.0173333333       -3.6426666667
F                                                        753
        7.2853333333        7.2853333333        1.8213333333
F                                                        754
       10.0173333333       10.0173333333        1.8213333333
F                                                        755
       10.0173333333        7.2853333333        4.5533333333
F                                                        756
        7.2853333333        7.2853333333        4.5533333333
F                                                        757
       10.0173333333       10.0173333333        4.5533333333
F                                                        758
        7.2853333333       10.0173333333        4.5533333333
F                                                        759
       10.0173333333        7.2853333333        1.8213333333
F                                                        760
        7.2853333333       10.0173333333        1.8213333333
F                                                        761
        7.2853333333        7.2853333333        7.2853333333
F                                                        762
       10.0173333333       10.0173333333        7.2853333333
F                                                        763
       10.0173333333        7.2853333333       10.0173333333
F                                                        764
        7.2853333333        7.2853333333       10.0173333333
F                                                        765
       10.0173333333       10.0173333333       10.0173333333
F                                                        766
        7.2853333333       10.0173333333       10.0173333333
F                                                        767
       10.0173333333        7.2853333333        7.2853333333
F                                                        768
        7.2853333333       10.0173333333        7.2853333333
