surfa_______________:       0.0000000000     0.0000000000    21.8560000000
         0         3
       21.8560000000        0.0000000000        0.0000000000
        0.0000000000       21.8560000000        0.0000000000
        0.0000000000        0.0000000000       21.8560000000
CA                                                         1
      -10.4871216931       -7.7334391534       -7.7478941799
CA                                                         2
       -7.7551216931      -10.4654391534       -7.7478941799
CA                                                         3
       -7.7551216931       -7.7334391534      -10.4798941799
CA                                                         4
      -10.4871216931      -10.4654391534       -5.0158941799
CA                                                         5
      -10.4871216931       -7.7334391534       -2.2838941799
CA                                                         6
       -7.7551216931      -10.4654391534       -2.2838941799
CA                                                         7
       -7.7551216931       -7.7334391534       -5.0158941799
CA                                                         8
      -10.4871216931      -10.4654391534        0.4481058201
CA                                                         9
      -10.4871216931       -7.7334391534        3.1801058201
CA                                                        10
       -7.7551216931      -10.4654391534        3.1801058201
CA                                                        11
      -10.4871216931      -10.4654391534        5.9121058201
CA                                                        12
      -10.4871216931       -7.7334391534        8.6441058201
CA                                                        13
       -7.7551216931       -7.7334391534        5.9121058201
CA                                                        14
      -10.4871216931       -5.0014391534      -10.4798941799
CA                                                        15
      -10.4871216931       -2.2694391534       -7.7478941799
CA                                                        16
       -7.7551216931       -2.2694391534      -10.4798941799
CA                                                        17
      -10.4871216931       -5.0014391534       -5.0158941799
CA                                                        18
       -7.7551216931       -5.0014391534       -2.2838941799
CA                                                        19
       -7.7551216931       -2.2694391534       -5.0158941799
CA                                                        20
      -10.4871216931       -2.2694391534        3.1801058201
CA                                                        21
       -7.7551216931       -2.2694391534        0.4481058201
CA                                                        22
      -10.4871216931       -5.0014391534        5.9121058201
CA                                                        23
      -10.4871216931       -2.2694391534        8.6441058201
CA                                                        24
       -7.7551216931       -5.0014391534        8.6441058201
CA                                                        25
       -7.7551216931       -2.2694391534        5.9121058201
CA                                                        26
      -10.4871216931        0.4625608466      -10.4798941799
CA                                                        27
      -10.4871216931        3.1945608466       -7.7478941799
CA                                                        28
       -7.7551216931        0.4625608466       -7.7478941799
CA                                                        29
       -7.7551216931        3.1945608466      -10.4798941799
CA                                                        30
      -10.4871216931        0.4625608466       -5.0158941799
CA                                                        31
      -10.4871216931        3.1945608466       -2.2838941799
CA                                                        32
       -7.7551216931        0.4625608466       -2.2838941799
CA                                                        33
       -7.7551216931        3.1945608466       -5.0158941799
CA                                                        34
      -10.4871216931        3.1945608466        3.1801058201
CA                                                        35
       -7.7551216931        0.4625608466        3.1801058201
CA                                                        36
       -7.7551216931        3.1945608466        0.4481058201
CA                                                        37
      -10.4871216931        0.4625608466        5.9121058201
CA                                                        38
       -7.7551216931        0.4625608466        8.6441058201
CA                                                        39
      -10.4871216931        8.6585608466       -7.7478941799
CA                                                        40
       -7.7551216931        8.6585608466      -10.4798941799
CA                                                        41
      -10.4871216931        5.9265608466       -5.0158941799
CA                                                        42
      -10.4871216931        8.6585608466       -2.2838941799
CA                                                        43
       -7.7551216931        5.9265608466       -2.2838941799
CA                                                        44
       -7.7551216931        8.6585608466       -5.0158941799
CA                                                        45
      -10.4871216931        5.9265608466        0.4481058201
CA                                                        46
      -10.4871216931        8.6585608466        3.1801058201
CA                                                        47
       -7.7551216931        5.9265608466        3.1801058201
CA                                                        48
       -7.7551216931        8.6585608466        0.4481058201
CA                                                        49
      -10.4871216931        5.9265608466        5.9121058201
CA                                                        50
      -10.4871216931        8.6585608466        8.6441058201
CA                                                        51
       -7.7551216931        5.9265608466        8.6441058201
CA                                                        52
       -7.7551216931        8.6585608466        5.9121058201
CA                                                        53
       -5.0231216931      -10.4654391534      -10.4798941799
CA                                                        54
       -2.2911216931      -10.4654391534       -7.7478941799
CA                                                        55
       -2.2911216931       -7.7334391534      -10.4798941799
CA                                                        56
       -5.0231216931      -10.4654391534       -5.0158941799
CA                                                        57
       -2.2911216931      -10.4654391534       -2.2838941799
CA                                                        58
       -2.2911216931       -7.7334391534       -5.0158941799
CA                                                        59
       -5.0231216931      -10.4654391534        0.4481058201
CA                                                        60
       -5.0231216931       -7.7334391534        3.1801058201
CA                                                        61
       -2.2911216931      -10.4654391534        3.1801058201
CA                                                        62
       -2.2911216931       -7.7334391534        0.4481058201
CA                                                        63
       -5.0231216931      -10.4654391534        5.9121058201
CA                                                        64
       -5.0231216931       -7.7334391534        8.6441058201
CA                                                        65
       -2.2911216931      -10.4654391534        8.6441058201
CA                                                        66
       -2.2911216931       -7.7334391534        5.9121058201
CA                                                        67
       -5.0231216931       -5.0014391534      -10.4798941799
CA                                                        68
       -5.0231216931       -2.2694391534       -7.7478941799
CA                                                        69
       -2.2911216931       -5.0014391534       -7.7478941799
CA                                                        70
       -2.2911216931       -2.2694391534      -10.4798941799
CA                                                        71
       -5.0231216931       -5.0014391534       -5.0158941799
CA                                                        72
       -5.0231216931       -2.2694391534       -2.2838941799
CA                                                        73
       -2.2911216931       -2.2694391534       -5.0158941799
CA                                                        74
       -5.0231216931       -5.0014391534        0.4481058201
CA                                                        75
       -5.0231216931       -2.2694391534        3.1801058201
CA                                                        76
       -2.2911216931       -5.0014391534        3.1801058201
CA                                                        77
       -2.2911216931       -2.2694391534        0.4481058201
CA                                                        78
       -5.0231216931       -5.0014391534        5.9121058201
CA                                                        79
       -5.0231216931       -2.2694391534        8.6441058201
CA                                                        80
       -2.2911216931       -5.0014391534        8.6441058201
CA                                                        81
       -5.0231216931        3.1945608466       -7.7478941799
CA                                                        82
       -2.2911216931        0.4625608466       -7.7478941799
CA                                                        83
       -2.2911216931        3.1945608466      -10.4798941799
CA                                                        84
       -5.0231216931        0.4625608466       -5.0158941799
CA                                                        85
       -2.2911216931        0.4625608466       -2.2838941799
CA                                                        86
       -2.2911216931        3.1945608466       -5.0158941799
CA                                                        87
       -5.0231216931        0.4625608466        0.4481058201
CA                                                        88
       -5.0231216931        3.1945608466        3.1801058201
CA                                                        89
       -2.2911216931        0.4625608466        3.1801058201
CA                                                        90
       -2.2911216931        3.1945608466        0.4481058201
CA                                                        91
       -5.0231216931        0.4625608466        5.9121058201
CA                                                        92
       -5.0231216931        3.1945608466        8.6441058201
CA                                                        93
       -2.2911216931        0.4625608466        8.6441058201
CA                                                        94
       -2.2911216931        3.1945608466        5.9121058201
CA                                                        95
       -5.0231216931        5.9265608466      -10.4798941799
CA                                                        96
       -2.2911216931        5.9265608466       -7.7478941799
CA                                                        97
       -2.2911216931        8.6585608466      -10.4798941799
CA                                                        98
       -5.0231216931        5.9265608466       -5.0158941799
CA                                                        99
       -5.0231216931        8.6585608466       -2.2838941799
CA                                                       100
       -2.2911216931        8.6585608466       -5.0158941799
CA                                                       101
       -5.0231216931        5.9265608466        0.4481058201
CA                                                       102
       -5.0231216931        8.6585608466        3.1801058201
CA                                                       103
       -2.2911216931        8.6585608466        0.4481058201
CA                                                       104
       -5.0231216931        8.6585608466        8.6441058201
CA                                                       105
       -2.2911216931        8.6585608466        5.9121058201
CA                                                       106
        0.4408783069       -7.7334391534       -7.7478941799
CA                                                       107
        3.1728783069      -10.4654391534       -7.7478941799
CA                                                       108
        3.1728783069       -7.7334391534      -10.4798941799
CA                                                       109
        0.4408783069      -10.4654391534       -5.0158941799
CA                                                       110
        0.4408783069       -7.7334391534       -2.2838941799
CA                                                       111
        3.1728783069      -10.4654391534       -2.2838941799
CA                                                       112
        3.1728783069       -7.7334391534       -5.0158941799
CA                                                       113
        0.4408783069      -10.4654391534        0.4481058201
CA                                                       114
        0.4408783069       -7.7334391534        3.1801058201
CA                                                       115
        3.1728783069      -10.4654391534        3.1801058201
CA                                                       116
        3.1728783069       -7.7334391534        0.4481058201
CA                                                       117
        0.4408783069      -10.4654391534        5.9121058201
CA                                                       118
        0.4408783069       -7.7334391534        8.6441058201
CA                                                       119
        3.1728783069      -10.4654391534        8.6441058201
CA                                                       120
        3.1728783069       -7.7334391534        5.9121058201
CA                                                       121
        0.4408783069       -5.0014391534      -10.4798941799
CA                                                       122
        0.4408783069       -2.2694391534       -7.7478941799
CA                                                       123
        3.1728783069       -5.0014391534       -7.7478941799
CA                                                       124
        3.1728783069       -2.2694391534      -10.4798941799
CA                                                       125
        0.4408783069       -5.0014391534       -5.0158941799
CA                                                       126
        0.4408783069       -2.2694391534       -2.2838941799
CA                                                       127
        3.1728783069       -5.0014391534       -2.2838941799
CA                                                       128
        3.1728783069       -2.2694391534       -5.0158941799
CA                                                       129
        0.4408783069       -5.0014391534        0.4481058201
CA                                                       130
        0.4408783069       -2.2694391534        3.1801058201
CA                                                       131
        3.1728783069       -5.0014391534        3.1801058201
CA                                                       132
        3.1728783069       -2.2694391534        0.4481058201
CA                                                       133
        0.4408783069       -5.0014391534        5.9121058201
CA                                                       134
        0.4408783069       -2.2694391534        8.6441058201
CA                                                       135
        0.4408783069        0.4625608466      -10.4798941799
CA                                                       136
        0.4408783069        3.1945608466       -7.7478941799
CA                                                       137
        3.1728783069        3.1945608466      -10.4798941799
CA                                                       138
        0.4408783069        0.4625608466       -5.0158941799
CA                                                       139
        0.4408783069        3.1945608466       -2.2838941799
CA                                                       140
        3.1728783069        0.4625608466       -2.2838941799
CA                                                       141
        3.1728783069        3.1945608466       -5.0158941799
CA                                                       142
        0.4408783069        3.1945608466        3.1801058201
CA                                                       143
        3.1728783069        0.4625608466        3.1801058201
CA                                                       144
        3.1728783069        3.1945608466        0.4481058201
CA                                                       145
        0.4408783069        0.4625608466        5.9121058201
CA                                                       146
        0.4408783069        3.1945608466        8.6441058201
CA                                                       147
        3.1728783069        0.4625608466        8.6441058201
CA                                                       148
        0.4408783069        5.9265608466      -10.4798941799
CA                                                       149
        0.4408783069        8.6585608466       -7.7478941799
CA                                                       150
        3.1728783069        5.9265608466       -7.7478941799
CA                                                       151
        3.1728783069        8.6585608466      -10.4798941799
CA                                                       152
        0.4408783069        5.9265608466       -5.0158941799
CA                                                       153
        3.1728783069        5.9265608466       -2.2838941799
CA                                                       154
        3.1728783069        8.6585608466       -5.0158941799
CA                                                       155
        0.4408783069        5.9265608466        0.4481058201
CA                                                       156
        0.4408783069        8.6585608466        3.1801058201
CA                                                       157
        3.1728783069        5.9265608466        3.1801058201
CA                                                       158
        3.1728783069        8.6585608466        0.4481058201
CA                                                       159
        0.4408783069        5.9265608466        5.9121058201
CA                                                       160
        0.4408783069        8.6585608466        8.6441058201
CA                                                       161
        3.1728783069        5.9265608466        8.6441058201
CA                                                       162
        3.1728783069        8.6585608466        5.9121058201
CA                                                       163
        5.9048783069      -10.4654391534      -10.4798941799
CA                                                       164
        5.9048783069       -7.7334391534       -7.7478941799
CA                                                       165
        8.6368783069      -10.4654391534       -7.7478941799
CA                                                       166
        8.6368783069       -7.7334391534      -10.4798941799
CA                                                       167
        5.9048783069      -10.4654391534       -5.0158941799
CA                                                       168
        8.6368783069      -10.4654391534       -2.2838941799
CA                                                       169
        8.6368783069       -7.7334391534       -5.0158941799
CA                                                       170
        5.9048783069      -10.4654391534        0.4481058201
CA                                                       171
        5.9048783069       -7.7334391534        3.1801058201
CA                                                       172
        8.6368783069       -7.7334391534        0.4481058201
CA                                                       173
        5.9048783069      -10.4654391534        5.9121058201
CA                                                       174
        5.9048783069       -7.7334391534        8.6441058201
CA                                                       175
        8.6368783069      -10.4654391534        8.6441058201
CA                                                       176
        8.6368783069       -7.7334391534        5.9121058201
CA                                                       177
        5.9048783069       -5.0014391534      -10.4798941799
CA                                                       178
        5.9048783069       -2.2694391534       -7.7478941799
CA                                                       179
        8.6368783069       -5.0014391534       -7.7478941799
CA                                                       180
        8.6368783069       -2.2694391534      -10.4798941799
CA                                                       181
        5.9048783069       -5.0014391534       -5.0158941799
CA                                                       182
        5.9048783069       -2.2694391534       -2.2838941799
CA                                                       183
        8.6368783069       -5.0014391534       -2.2838941799
CA                                                       184
        8.6368783069       -2.2694391534       -5.0158941799
CA                                                       185
        5.9048783069       -5.0014391534        0.4481058201
CA                                                       186
        5.9048783069       -2.2694391534        3.1801058201
CA                                                       187
        8.6368783069       -5.0014391534        3.1801058201
CA                                                       188
        5.9048783069       -5.0014391534        5.9121058201
CA                                                       189
        5.9048783069       -2.2694391534        8.6441058201
CA                                                       190
        8.6368783069       -5.0014391534        8.6441058201
CA                                                       191
        8.6368783069       -2.2694391534        5.9121058201
CA                                                       192
        5.9048783069        0.4625608466      -10.4798941799
CA                                                       193
        5.9048783069        3.1945608466       -7.7478941799
CA                                                       194
        8.6368783069        0.4625608466       -7.7478941799
CA                                                       195
        8.6368783069        3.1945608466      -10.4798941799
CA                                                       196
        5.9048783069        3.1945608466       -2.2838941799
CA                                                       197
        8.6368783069        3.1945608466       -5.0158941799
CA                                                       198
        5.9048783069        0.4625608466        0.4481058201
CA                                                       199
        5.9048783069        3.1945608466        3.1801058201
CA                                                       200
        8.6368783069        0.4625608466        3.1801058201
CA                                                       201
        5.9048783069        0.4625608466        5.9121058201
CA                                                       202
        5.9048783069        3.1945608466        8.6441058201
CA                                                       203
        8.6368783069        0.4625608466        8.6441058201
CA                                                       204
        8.6368783069        3.1945608466        5.9121058201
CA                                                       205
        5.9048783069        5.9265608466      -10.4798941799
CA                                                       206
        5.9048783069        8.6585608466       -7.7478941799
CA                                                       207
        8.6368783069        5.9265608466       -7.7478941799
CA                                                       208
        8.6368783069        8.6585608466      -10.4798941799
CA                                                       209
        5.9048783069        5.9265608466       -5.0158941799
CA                                                       210
        5.9048783069        8.6585608466       -2.2838941799
CA                                                       211
        8.6368783069        5.9265608466       -2.2838941799
CA                                                       212
        8.6368783069        8.6585608466       -5.0158941799
CA                                                       213
        5.9048783069        5.9265608466        0.4481058201
CA                                                       214
        5.9048783069        8.6585608466        3.1801058201
CA                                                       215
        8.6368783069        5.9265608466        3.1801058201
CA                                                       216
        8.6368783069        8.6585608466        0.4481058201
CA                                                       217
        5.9048783069        5.9265608466        5.9121058201
CA                                                       218
        8.6368783069        5.9265608466        8.6441058201
CA                                                       219
        8.6368783069        8.6585608466        5.9121058201
LA                                                       220
       -5.0231216931        5.9265608466        5.9121058201
LA                                                       221
       -2.2911216931       -2.2694391534        5.9121058201
LA                                                       222
        3.1728783069        0.4625608466       -7.7478941799
LA                                                       223
       -2.2911216931        5.9265608466        8.6441058201
LA                                                       224
        8.6368783069        3.1945608466        0.4481058201
LA                                                       225
       -5.0231216931        0.4625608466      -10.4798941799
LA                                                       226
        0.4408783069      -10.4654391534      -10.4798941799
LA                                                       227
      -10.4871216931       -5.0014391534        0.4481058201
LA                                                       228
       -5.0231216931       -7.7334391534       -7.7478941799
LA                                                       229
        0.4408783069        0.4625608466        0.4481058201
LA                                                       230
      -10.4871216931        5.9265608466      -10.4798941799
LA                                                       231
       -5.0231216931        8.6585608466       -7.7478941799
LA                                                       232
      -10.4871216931        0.4625608466        0.4481058201
LA                                                       233
       -5.0231216931        3.1945608466       -2.2838941799
LA                                                       234
      -10.4871216931       -2.2694391534       -2.2838941799
LA                                                       235
       -5.0231216931       -7.7334391534       -2.2838941799
LA                                                       236
        5.9048783069       -7.7334391534       -2.2838941799
LA                                                       237
        3.1728783069        3.1945608466        5.9121058201
LA                                                       238
       -7.7551216931       -5.0014391534        3.1801058201
LA                                                       239
       -7.7551216931       -7.7334391534        0.4481058201
LA                                                       240
      -10.4871216931      -10.4654391534      -10.4798941799
LA                                                       241
        8.6368783069      -10.4654391534        3.1801058201
LA                                                       242
        5.9048783069        8.6585608466        8.6441058201
LA                                                       243
      -10.4871216931        3.1945608466        8.6441058201
LA                                                       244
        3.1728783069       -5.0014391534        8.6441058201
F                                                        245
       -9.1211216931       -9.0994391534       -9.1138941799
F                                                        246
       -6.3891216931       -6.3674391534       -9.1138941799
F                                                        247
       -6.3891216931       -9.0994391534       -6.3818941799
F                                                        248
       -9.1211216931       -9.0994391534       -6.3818941799
F                                                        249
       -6.3891216931       -6.3674391534       -6.3818941799
F                                                        250
       -9.1211216931       -6.3674391534       -6.3818941799
F                                                        251
       -6.3891216931       -9.0994391534       -9.1138941799
F                                                        252
       -9.1211216931       -6.3674391534       -9.1138941799
F                                                        253
       -9.1211216931       -9.0994391534       -3.6498941799
F                                                        254
       -6.3891216931       -6.3674391534       -3.6498941799
F                                                        255
       -6.3891216931       -9.0994391534       -0.9178941799
F                                                        256
       -9.1211216931       -9.0994391534       -0.9178941799
F                                                        257
       -6.3891216931       -6.3674391534       -0.9178941799
F                                                        258
       -9.1211216931       -6.3674391534       -0.9178941799
F                                                        259
       -6.3891216931       -9.0994391534       -3.6498941799
F                                                        260
       -9.1211216931       -6.3674391534       -3.6498941799
F                                                        261
       -9.1211216931       -9.0994391534        1.8141058201
F                                                        262
       -6.3891216931       -6.3674391534        1.8141058201
F                                                        263
       -6.3891216931       -9.0994391534        4.5461058201
F                                                        264
       -9.1211216931       -9.0994391534        4.5461058201
F                                                        265
       -6.3891216931       -6.3674391534        4.5461058201
F                                                        266
       -9.1211216931       -6.3674391534        4.5461058201
F                                                        267
       -6.3891216931       -9.0994391534        1.8141058201
F                                                        268
       -9.1211216931       -6.3674391534        1.8141058201
F                                                        269
       -9.1211216931       -9.0994391534        7.2781058201
F                                                        270
       -6.3891216931       -6.3674391534        7.2781058201
F                                                        271
       -6.3891216931       -9.0994391534       10.0101058201
F                                                        272
       -9.1211216931       -9.0994391534       10.0101058201
F                                                        273
       -6.3891216931       -6.3674391534       10.0101058201
F                                                        274
       -9.1211216931       -6.3674391534       10.0101058201
F                                                        275
       -6.3891216931       -9.0994391534        7.2781058201
F                                                        276
       -9.1211216931       -6.3674391534        7.2781058201
F                                                        277
       -9.1211216931       -3.6354391534       -9.1138941799
F                                                        278
       -6.3891216931       -0.9034391534       -9.1138941799
F                                                        279
       -6.3891216931       -3.6354391534       -6.3818941799
F                                                        280
       -9.1211216931       -3.6354391534       -6.3818941799
F                                                        281
       -6.3891216931       -0.9034391534       -6.3818941799
F                                                        282
       -9.1211216931       -0.9034391534       -6.3818941799
F                                                        283
       -6.3891216931       -3.6354391534       -9.1138941799
F                                                        284
       -9.1211216931       -0.9034391534       -9.1138941799
F                                                        285
       -9.1211216931       -3.6354391534       -3.6498941799
F                                                        286
       -6.3891216931       -0.9034391534       -3.6498941799
F                                                        287
       -6.3891216931       -3.6354391534       -0.9178941799
F                                                        288
       -9.1211216931       -3.6354391534       -0.9178941799
F                                                        289
       -6.3891216931       -0.9034391534       -0.9178941799
F                                                        290
       -9.1211216931       -0.9034391534       -0.9178941799
F                                                        291
       -6.3891216931       -3.6354391534       -3.6498941799
F                                                        292
       -9.1211216931       -0.9034391534       -3.6498941799
F                                                        293
       -9.1211216931       -3.6354391534        1.8141058201
F                                                        294
       -6.3891216931       -0.9034391534        1.8141058201
F                                                        295
       -6.3891216931       -3.6354391534        4.5461058201
F                                                        296
       -9.1211216931       -3.6354391534        4.5461058201
F                                                        297
       -6.3891216931       -0.9034391534        4.5461058201
F                                                        298
       -9.1211216931       -0.9034391534        4.5461058201
F                                                        299
       -6.3891216931       -3.6354391534        1.8141058201
F                                                        300
       -9.1211216931       -0.9034391534        1.8141058201
F                                                        301
       -9.1211216931       -3.6354391534        7.2781058201
F                                                        302
       -6.3891216931       -0.9034391534        7.2781058201
F                                                        303
       -6.3891216931       -3.6354391534       10.0101058201
F                                                        304
       -9.1211216931       -3.6354391534       10.0101058201
F                                                        305
       -6.3891216931       -0.9034391534       10.0101058201
F                                                        306
       -9.1211216931       -0.9034391534       10.0101058201
F                                                        307
       -6.3891216931       -3.6354391534        7.2781058201
F                                                        308
       -9.1211216931       -0.9034391534        7.2781058201
F                                                        309
       -9.1211216931        1.8285608466       -9.1138941799
F                                                        310
       -6.3891216931        4.5605608466       -9.1138941799
F                                                        311
       -6.3891216931        1.8285608466       -6.3818941799
F                                                        312
       -9.1211216931        1.8285608466       -6.3818941799
F                                                        313
       -6.3891216931        4.5605608466       -6.3818941799
F                                                        314
       -9.1211216931        4.5605608466       -6.3818941799
F                                                        315
       -6.3891216931        1.8285608466       -9.1138941799
F                                                        316
       -9.1211216931        4.5605608466       -9.1138941799
F                                                        317
       -9.1211216931        1.8285608466       -3.6498941799
F                                                        318
       -6.3891216931        4.5605608466       -3.6498941799
F                                                        319
       -6.3891216931        1.8285608466       -0.9178941799
F                                                        320
       -9.1211216931        1.8285608466       -0.9178941799
F                                                        321
       -6.3891216931        4.5605608466       -0.9178941799
F                                                        322
       -9.1211216931        4.5605608466       -0.9178941799
F                                                        323
       -6.3891216931        1.8285608466       -3.6498941799
F                                                        324
       -9.1211216931        4.5605608466       -3.6498941799
F                                                        325
       -9.1211216931        1.8285608466        1.8141058201
F                                                        326
       -6.3891216931        4.5605608466        1.8141058201
F                                                        327
       -6.3891216931        1.8285608466        4.5461058201
F                                                        328
       -9.1211216931        1.8285608466        4.5461058201
F                                                        329
       -6.3891216931        4.5605608466        4.5461058201
F                                                        330
       -9.1211216931        4.5605608466        4.5461058201
F                                                        331
       -6.3891216931        1.8285608466        1.8141058201
F                                                        332
       -9.1211216931        4.5605608466        1.8141058201
F                                                        333
       -9.1211216931        1.8285608466        7.2781058201
F                                                        334
       -6.3891216931        4.5605608466        7.2781058201
F                                                        335
       -6.3891216931        1.8285608466       10.0101058201
F                                                        336
       -9.1211216931        1.8285608466       10.0101058201
F                                                        337
       -6.3891216931        4.5605608466       10.0101058201
F                                                        338
       -9.1211216931        4.5605608466       10.0101058201
F                                                        339
       -6.3891216931        1.8285608466        7.2781058201
F                                                        340
       -9.1211216931        4.5605608466        7.2781058201
F                                                        341
       -9.1211216931        7.2925608466       -9.1138941799
F                                                        342
       -6.3891216931       10.0245608466       -9.1138941799
F                                                        343
       -6.3891216931        7.2925608466       -6.3818941799
F                                                        344
       -9.1211216931        7.2925608466       -6.3818941799
F                                                        345
       -6.3891216931       10.0245608466       -6.3818941799
F                                                        346
       -9.1211216931       10.0245608466       -6.3818941799
F                                                        347
       -6.3891216931        7.2925608466       -9.1138941799
F                                                        348
       -9.1211216931       10.0245608466       -9.1138941799
F                                                        349
       -9.1211216931        7.2925608466       -3.6498941799
F                                                        350
       -6.3891216931       10.0245608466       -3.6498941799
F                                                        351
       -6.3891216931        7.2925608466       -0.9178941799
F                                                        352
       -9.1211216931        7.2925608466       -0.9178941799
F                                                        353
       -6.3891216931       10.0245608466       -0.9178941799
F                                                        354
       -9.1211216931       10.0245608466       -0.9178941799
F                                                        355
       -6.3891216931        7.2925608466       -3.6498941799
F                                                        356
       -9.1211216931       10.0245608466       -3.6498941799
F                                                        357
       -9.1211216931        7.2925608466        1.8141058201
F                                                        358
       -6.3891216931       10.0245608466        1.8141058201
F                                                        359
       -6.3891216931        7.2925608466        4.5461058201
F                                                        360
       -9.1211216931        7.2925608466        4.5461058201
F                                                        361
       -6.3891216931       10.0245608466        4.5461058201
F                                                        362
       -9.1211216931       10.0245608466        4.5461058201
F                                                        363
       -6.3891216931        7.2925608466        1.8141058201
F                                                        364
       -9.1211216931       10.0245608466        1.8141058201
F                                                        365
       -9.1211216931        7.2925608466        7.2781058201
F                                                        366
       -6.3891216931       10.0245608466        7.2781058201
F                                                        367
       -6.3891216931        7.2925608466       10.0101058201
F                                                        368
       -9.1211216931        7.2925608466       10.0101058201
F                                                        369
       -6.3891216931       10.0245608466       10.0101058201
F                                                        370
       -9.1211216931       10.0245608466       10.0101058201
F                                                        371
       -6.3891216931        7.2925608466        7.2781058201
F                                                        372
       -9.1211216931       10.0245608466        7.2781058201
F                                                        373
       -3.6571216931       -9.0994391534       -9.1138941799
F                                                        374
       -0.9251216931       -6.3674391534       -9.1138941799
F                                                        375
       -0.9251216931       -9.0994391534       -6.3818941799
F                                                        376
       -3.6571216931       -9.0994391534       -6.3818941799
F                                                        377
       -0.9251216931       -6.3674391534       -6.3818941799
F                                                        378
       -3.6571216931       -6.3674391534       -6.3818941799
F                                                        379
       -0.9251216931       -9.0994391534       -9.1138941799
F                                                        380
       -3.6571216931       -6.3674391534       -9.1138941799
F                                                        381
       -3.6571216931       -9.0994391534       -3.6498941799
F                                                        382
       -0.9251216931       -6.3674391534       -3.6498941799
F                                                        383
       -0.9251216931       -9.0994391534       -0.9178941799
F                                                        384
       -3.6571216931       -9.0994391534       -0.9178941799
F                                                        385
       -0.9251216931       -6.3674391534       -0.9178941799
F                                                        386
       -3.6571216931       -6.3674391534       -0.9178941799
F                                                        387
       -0.9251216931       -9.0994391534       -3.6498941799
F                                                        388
       -3.6571216931       -6.3674391534       -3.6498941799
F                                                        389
       -3.6571216931       -9.0994391534        1.8141058201
F                                                        390
       -0.9251216931       -6.3674391534        1.8141058201
F                                                        391
       -0.9251216931       -9.0994391534        4.5461058201
F                                                        392
       -3.6571216931       -9.0994391534        4.5461058201
F                                                        393
       -0.9251216931       -6.3674391534        4.5461058201
F                                                        394
       -3.6571216931       -6.3674391534        4.5461058201
F                                                        395
       -0.9251216931       -9.0994391534        1.8141058201
F                                                        396
       -3.6571216931       -6.3674391534        1.8141058201
F                                                        397
       -3.6571216931       -9.0994391534        7.2781058201
F                                                        398
       -0.9251216931       -6.3674391534        7.2781058201
F                                                        399
       -0.9251216931       -9.0994391534       10.0101058201
F                                                        400
       -3.6571216931       -9.0994391534       10.0101058201
F                                                        401
       -0.9251216931       -6.3674391534       10.0101058201
F                                                        402
       -3.6571216931       -6.3674391534       10.0101058201
F                                                        403
       -0.9251216931       -9.0994391534        7.2781058201
F                                                        404
       -3.6571216931       -6.3674391534        7.2781058201
F                                                        405
       -3.6571216931       -3.6354391534       -9.1138941799
F                                                        406
       -0.9251216931       -0.9034391534       -9.1138941799
F                                                        407
       -0.9251216931       -3.6354391534       -6.3818941799
F                                                        408
       -3.6571216931       -3.6354391534       -6.3818941799
F                                                        409
       -0.9251216931       -0.9034391534       -6.3818941799
F                                                        410
       -3.6571216931       -0.9034391534       -6.3818941799
F                                                        411
       -0.9251216931       -3.6354391534       -9.1138941799
F                                                        412
       -3.6571216931       -0.9034391534       -9.1138941799
F                                                        413
       -3.6571216931       -3.6354391534       -3.6498941799
F                                                        414
       -0.9251216931       -0.9034391534       -3.6498941799
F                                                        415
       -0.9251216931       -3.6354391534       -0.9178941799
F                                                        416
       -3.6571216931       -3.6354391534       -0.9178941799
F                                                        417
       -0.9251216931       -0.9034391534       -0.9178941799
F                                                        418
       -3.6571216931       -0.9034391534       -0.9178941799
F                                                        419
       -0.9251216931       -3.6354391534       -3.6498941799
F                                                        420
       -3.6571216931       -0.9034391534       -3.6498941799
F                                                        421
       -3.6571216931       -3.6354391534        1.8141058201
F                                                        422
       -0.9251216931       -0.9034391534        1.8141058201
F                                                        423
       -0.9251216931       -3.6354391534        4.5461058201
F                                                        424
       -3.6571216931       -3.6354391534        4.5461058201
F                                                        425
       -0.9251216931       -0.9034391534        4.5461058201
F                                                        426
       -3.6571216931       -0.9034391534        4.5461058201
F                                                        427
       -0.9251216931       -3.6354391534        1.8141058201
F                                                        428
       -3.6571216931       -0.9034391534        1.8141058201
F                                                        429
       -3.6571216931       -3.6354391534        7.2781058201
F                                                        430
       -0.9251216931       -0.9034391534        7.2781058201
F                                                        431
       -0.9251216931       -3.6354391534       10.0101058201
F                                                        432
       -3.6571216931       -3.6354391534       10.0101058201
F                                                        433
       -0.9251216931       -0.9034391534       10.0101058201
F                                                        434
       -3.6571216931       -0.9034391534       10.0101058201
F                                                        435
       -0.9251216931       -3.6354391534        7.2781058201
F                                                        436
       -3.6571216931       -0.9034391534        7.2781058201
F                                                        437
       -3.6571216931        1.8285608466       -9.1138941799
F                                                        438
       -0.9251216931        4.5605608466       -9.1138941799
F                                                        439
       -0.9251216931        1.8285608466       -6.3818941799
F                                                        440
       -3.6571216931        1.8285608466       -6.3818941799
F                                                        441
       -0.9251216931        4.5605608466       -6.3818941799
F                                                        442
       -3.6571216931        4.5605608466       -6.3818941799
F                                                        443
       -0.9251216931        1.8285608466       -9.1138941799
F                                                        444
       -3.6571216931        4.5605608466       -9.1138941799
F                                                        445
       -3.6571216931        1.8285608466       -3.6498941799
F                                                        446
       -0.9251216931        4.5605608466       -3.6498941799
F                                                        447
       -0.9251216931        1.8285608466       -0.9178941799
F                                                        448
       -3.6571216931        1.8285608466       -0.9178941799
F                                                        449
       -0.9251216931        4.5605608466       -0.9178941799
F                                                        450
       -3.6571216931        4.5605608466       -0.9178941799
F                                                        451
       -0.9251216931        1.8285608466       -3.6498941799
F                                                        452
       -3.6571216931        4.5605608466       -3.6498941799
F                                                        453
       -3.6571216931        1.8285608466        1.8141058201
F                                                        454
       -0.9251216931        4.5605608466        1.8141058201
F                                                        455
       -0.9251216931        1.8285608466        4.5461058201
F                                                        456
       -3.6571216931        1.8285608466        4.5461058201
F                                                        457
       -0.9251216931        4.5605608466        4.5461058201
F                                                        458
       -3.6571216931        4.5605608466        4.5461058201
F                                                        459
       -0.9251216931        1.8285608466        1.8141058201
F                                                        460
       -3.6571216931        4.5605608466        1.8141058201
F                                                        461
       -3.6571216931        1.8285608466        7.2781058201
F                                                        462
       -0.9251216931        4.5605608466        7.2781058201
F                                                        463
       -0.9251216931        1.8285608466       10.0101058201
F                                                        464
       -3.6571216931        1.8285608466       10.0101058201
F                                                        465
       -0.9251216931        4.5605608466       10.0101058201
F                                                        466
       -3.6571216931        4.5605608466       10.0101058201
F                                                        467
       -0.9251216931        1.8285608466        7.2781058201
F                                                        468
       -3.6571216931        4.5605608466        7.2781058201
F                                                        469
       -3.6571216931        7.2925608466       -9.1138941799
F                                                        470
       -0.9251216931       10.0245608466       -9.1138941799
F                                                        471
       -0.9251216931        7.2925608466       -6.3818941799
F                                                        472
       -3.6571216931        7.2925608466       -6.3818941799
F                                                        473
       -0.9251216931       10.0245608466       -6.3818941799
F                                                        474
       -3.6571216931       10.0245608466       -6.3818941799
F                                                        475
       -0.9251216931        7.2925608466       -9.1138941799
F                                                        476
       -3.6571216931       10.0245608466       -9.1138941799
F                                                        477
       -3.6571216931        7.2925608466       -3.6498941799
F                                                        478
       -0.9251216931       10.0245608466       -3.6498941799
F                                                        479
       -0.9251216931        7.2925608466       -0.9178941799
F                                                        480
       -3.6571216931        7.2925608466       -0.9178941799
F                                                        481
       -0.9251216931       10.0245608466       -0.9178941799
F                                                        482
       -3.6571216931       10.0245608466       -0.9178941799
F                                                        483
       -0.9251216931        7.2925608466       -3.6498941799
F                                                        484
       -3.6571216931       10.0245608466       -3.6498941799
F                                                        485
       -3.6571216931        7.2925608466        1.8141058201
F                                                        486
       -0.9251216931       10.0245608466        1.8141058201
F                                                        487
       -0.9251216931        7.2925608466        4.5461058201
F                                                        488
       -3.6571216931        7.2925608466        4.5461058201
F                                                        489
       -0.9251216931       10.0245608466        4.5461058201
F                                                        490
       -3.6571216931       10.0245608466        4.5461058201
F                                                        491
       -0.9251216931        7.2925608466        1.8141058201
F                                                        492
       -3.6571216931       10.0245608466        1.8141058201
F                                                        493
       -3.6571216931        7.2925608466        7.2781058201
F                                                        494
       -0.9251216931       10.0245608466        7.2781058201
F                                                        495
       -0.9251216931        7.2925608466       10.0101058201
F                                                        496
       -3.6571216931        7.2925608466       10.0101058201
F                                                        497
       -0.9251216931       10.0245608466       10.0101058201
F                                                        498
       -3.6571216931       10.0245608466       10.0101058201
F                                                        499
       -0.9251216931        7.2925608466        7.2781058201
F                                                        500
       -3.6571216931       10.0245608466        7.2781058201
F                                                        501
        1.8068783069       -9.0994391534       -9.1138941799
F                                                        502
        4.5388783069       -6.3674391534       -9.1138941799
F                                                        503
        4.5388783069       -9.0994391534       -6.3818941799
F                                                        504
        1.8068783069       -9.0994391534       -6.3818941799
F                                                        505
        4.5388783069       -6.3674391534       -6.3818941799
F                                                        506
        1.8068783069       -6.3674391534       -6.3818941799
F                                                        507
        4.5388783069       -9.0994391534       -9.1138941799
F                                                        508
        1.8068783069       -6.3674391534       -9.1138941799
F                                                        509
        1.8068783069       -9.0994391534       -3.6498941799
F                                                        510
        4.5388783069       -6.3674391534       -3.6498941799
F                                                        511
        4.5388783069       -9.0994391534       -0.9178941799
F                                                        512
        1.8068783069       -9.0994391534       -0.9178941799
F                                                        513
        4.5388783069       -6.3674391534       -0.9178941799
F                                                        514
        1.8068783069       -6.3674391534       -0.9178941799
F                                                        515
        4.5388783069       -9.0994391534       -3.6498941799
F                                                        516
        1.8068783069       -6.3674391534       -3.6498941799
F                                                        517
        1.8068783069       -9.0994391534        1.8141058201
F                                                        518
        4.5388783069       -6.3674391534        1.8141058201
F                                                        519
        4.5388783069       -9.0994391534        4.5461058201
F                                                        520
        1.8068783069       -9.0994391534        4.5461058201
F                                                        521
        4.5388783069       -6.3674391534        4.5461058201
F                                                        522
        1.8068783069       -6.3674391534        4.5461058201
F                                                        523
        4.5388783069       -9.0994391534        1.8141058201
F                                                        524
        1.8068783069       -6.3674391534        1.8141058201
F                                                        525
        1.8068783069       -9.0994391534        7.2781058201
F                                                        526
        4.5388783069       -6.3674391534        7.2781058201
F                                                        527
        4.5388783069       -9.0994391534       10.0101058201
F                                                        528
        1.8068783069       -9.0994391534       10.0101058201
F                                                        529
        4.5388783069       -6.3674391534       10.0101058201
F                                                        530
        1.8068783069       -6.3674391534       10.0101058201
F                                                        531
        4.5388783069       -9.0994391534        7.2781058201
F                                                        532
        1.8068783069       -6.3674391534        7.2781058201
F                                                        533
        1.8068783069       -3.6354391534       -9.1138941799
F                                                        534
        4.5388783069       -0.9034391534       -9.1138941799
F                                                        535
        4.5388783069       -3.6354391534       -6.3818941799
F                                                        536
        1.8068783069       -3.6354391534       -6.3818941799
F                                                        537
        4.5388783069       -0.9034391534       -6.3818941799
F                                                        538
        1.8068783069       -0.9034391534       -6.3818941799
F                                                        539
        4.5388783069       -3.6354391534       -9.1138941799
F                                                        540
        1.8068783069       -0.9034391534       -9.1138941799
F                                                        541
        1.8068783069       -3.6354391534       -3.6498941799
F                                                        542
        4.5388783069       -0.9034391534       -3.6498941799
F                                                        543
        4.5388783069       -3.6354391534       -0.9178941799
F                                                        544
        1.8068783069       -3.6354391534       -0.9178941799
F                                                        545
        4.5388783069       -0.9034391534       -0.9178941799
F                                                        546
        1.8068783069       -0.9034391534       -0.9178941799
F                                                        547
        4.5388783069       -3.6354391534       -3.6498941799
F                                                        548
        1.8068783069       -0.9034391534       -3.6498941799
F                                                        549
        1.8068783069       -3.6354391534        1.8141058201
F                                                        550
        4.5388783069       -0.9034391534        1.8141058201
F                                                        551
        4.5388783069       -3.6354391534        4.5461058201
F                                                        552
        1.8068783069       -3.6354391534        4.5461058201
F                                                        553
        4.5388783069       -0.9034391534        4.5461058201
F                                                        554
        1.8068783069       -0.9034391534        4.5461058201
F                                                        555
        4.5388783069       -3.6354391534        1.8141058201
F                                                        556
        1.8068783069       -0.9034391534        1.8141058201
F                                                        557
        1.8068783069       -3.6354391534        7.2781058201
F                                                        558
        4.5388783069       -0.9034391534        7.2781058201
F                                                        559
        4.5388783069       -3.6354391534       10.0101058201
F                                                        560
        1.8068783069       -3.6354391534       10.0101058201
F                                                        561
        4.5388783069       -0.9034391534       10.0101058201
F                                                        562
        1.8068783069       -0.9034391534       10.0101058201
F                                                        563
        4.5388783069       -3.6354391534        7.2781058201
F                                                        564
        1.8068783069       -0.9034391534        7.2781058201
F                                                        565
        1.8068783069        1.8285608466       -9.1138941799
F                                                        566
        4.5388783069        4.5605608466       -9.1138941799
F                                                        567
        4.5388783069        1.8285608466       -6.3818941799
F                                                        568
        1.8068783069        1.8285608466       -6.3818941799
F                                                        569
        4.5388783069        4.5605608466       -6.3818941799
F                                                        570
        1.8068783069        4.5605608466       -6.3818941799
F                                                        571
        4.5388783069        1.8285608466       -9.1138941799
F                                                        572
        1.8068783069        4.5605608466       -9.1138941799
F                                                        573
        1.8068783069        1.8285608466       -3.6498941799
F                                                        574
        4.5388783069        4.5605608466       -3.6498941799
F                                                        575
        4.5388783069        1.8285608466       -0.9178941799
F                                                        576
        1.8068783069        1.8285608466       -0.9178941799
F                                                        577
        4.5388783069        4.5605608466       -0.9178941799
F                                                        578
        1.8068783069        4.5605608466       -0.9178941799
F                                                        579
        4.5388783069        1.8285608466       -3.6498941799
F                                                        580
        1.8068783069        4.5605608466       -3.6498941799
F                                                        581
        1.8068783069        1.8285608466        1.8141058201
F                                                        582
        4.5388783069        4.5605608466        1.8141058201
F                                                        583
        4.5388783069        1.8285608466        4.5461058201
F                                                        584
        1.8068783069        1.8285608466        4.5461058201
F                                                        585
        4.5388783069        4.5605608466        4.5461058201
F                                                        586
        1.8068783069        4.5605608466        4.5461058201
F                                                        587
        4.5388783069        1.8285608466        1.8141058201
F                                                        588
        1.8068783069        4.5605608466        1.8141058201
F                                                        589
        1.8068783069        1.8285608466        7.2781058201
F                                                        590
        4.5388783069        4.5605608466        7.2781058201
F                                                        591
        4.5388783069        1.8285608466       10.0101058201
F                                                        592
        1.8068783069        1.8285608466       10.0101058201
F                                                        593
        4.5388783069        4.5605608466       10.0101058201
F                                                        594
        1.8068783069        4.5605608466       10.0101058201
F                                                        595
        4.5388783069        1.8285608466        7.2781058201
F                                                        596
        1.8068783069        4.5605608466        7.2781058201
F                                                        597
        1.8068783069        7.2925608466       -9.1138941799
F                                                        598
        4.5388783069       10.0245608466       -9.1138941799
F                                                        599
        4.5388783069        7.2925608466       -6.3818941799
F                                                        600
        1.8068783069        7.2925608466       -6.3818941799
F                                                        601
        4.5388783069       10.0245608466       -6.3818941799
F                                                        602
        1.8068783069       10.0245608466       -6.3818941799
F                                                        603
        4.5388783069        7.2925608466       -9.1138941799
F                                                        604
        1.8068783069       10.0245608466       -9.1138941799
F                                                        605
        1.8068783069        7.2925608466       -3.6498941799
F                                                        606
        4.5388783069       10.0245608466       -3.6498941799
F                                                        607
        4.5388783069        7.2925608466       -0.9178941799
F                                                        608
        1.8068783069        7.2925608466       -0.9178941799
F                                                        609
        4.5388783069       10.0245608466       -0.9178941799
F                                                        610
        1.8068783069       10.0245608466       -0.9178941799
F                                                        611
        4.5388783069        7.2925608466       -3.6498941799
F                                                        612
        1.8068783069       10.0245608466       -3.6498941799
F                                                        613
        1.8068783069        7.2925608466        1.8141058201
F                                                        614
        4.5388783069       10.0245608466        1.8141058201
F                                                        615
        4.5388783069        7.2925608466        4.5461058201
F                                                        616
        1.8068783069        7.2925608466        4.5461058201
F                                                        617
        4.5388783069       10.0245608466        4.5461058201
F                                                        618
        1.8068783069       10.0245608466        4.5461058201
F                                                        619
        4.5388783069        7.2925608466        1.8141058201
F                                                        620
        1.8068783069       10.0245608466        1.8141058201
F                                                        621
        1.8068783069        7.2925608466        7.2781058201
F                                                        622
        4.5388783069       10.0245608466        7.2781058201
F                                                        623
        4.5388783069        7.2925608466       10.0101058201
F                                                        624
        1.8068783069        7.2925608466       10.0101058201
F                                                        625
        4.5388783069       10.0245608466       10.0101058201
F                                                        626
        1.8068783069       10.0245608466       10.0101058201
F                                                        627
        4.5388783069        7.2925608466        7.2781058201
F                                                        628
        1.8068783069       10.0245608466        7.2781058201
F                                                        629
        7.2708783069       -9.0994391534       -9.1138941799
F                                                        630
       10.0028783069       -6.3674391534       -9.1138941799
F                                                        631
       10.0028783069       -9.0994391534       -6.3818941799
F                                                        632
        7.2708783069       -9.0994391534       -6.3818941799
F                                                        633
       10.0028783069       -6.3674391534       -6.3818941799
F                                                        634
        7.2708783069       -6.3674391534       -6.3818941799
F                                                        635
       10.0028783069       -9.0994391534       -9.1138941799
F                                                        636
        7.2708783069       -6.3674391534       -9.1138941799
F                                                        637
        7.2708783069       -9.0994391534       -3.6498941799
F                                                        638
       10.0028783069       -6.3674391534       -3.6498941799
F                                                        639
       10.0028783069       -9.0994391534       -0.9178941799
F                                                        640
        7.2708783069       -9.0994391534       -0.9178941799
F                                                        641
       10.0028783069       -6.3674391534       -0.9178941799
F                                                        642
        7.2708783069       -6.3674391534       -0.9178941799
F                                                        643
       10.0028783069       -9.0994391534       -3.6498941799
F                                                        644
        7.2708783069       -6.3674391534       -3.6498941799
F                                                        645
        7.2708783069       -9.0994391534        1.8141058201
F                                                        646
       10.0028783069       -6.3674391534        1.8141058201
F                                                        647
       10.0028783069       -9.0994391534        4.5461058201
F                                                        648
        7.2708783069       -9.0994391534        4.5461058201
F                                                        649
       10.0028783069       -6.3674391534        4.5461058201
F                                                        650
        7.2708783069       -6.3674391534        4.5461058201
F                                                        651
       10.0028783069       -9.0994391534        1.8141058201
F                                                        652
        7.2708783069       -6.3674391534        1.8141058201
F                                                        653
        7.2708783069       -9.0994391534        7.2781058201
F                                                        654
       10.0028783069       -6.3674391534        7.2781058201
F                                                        655
       10.0028783069       -9.0994391534       10.0101058201
F                                                        656
        7.2708783069       -9.0994391534       10.0101058201
F                                                        657
       10.0028783069       -6.3674391534       10.0101058201
F                                                        658
        7.2708783069       -6.3674391534       10.0101058201
F                                                        659
       10.0028783069       -9.0994391534        7.2781058201
F                                                        660
        7.2708783069       -6.3674391534        7.2781058201
F                                                        661
        7.2708783069       -3.6354391534       -9.1138941799
F                                                        662
       10.0028783069       -0.9034391534       -9.1138941799
F                                                        663
       10.0028783069       -3.6354391534       -6.3818941799
F                                                        664
        7.2708783069       -3.6354391534       -6.3818941799
F                                                        665
       10.0028783069       -0.9034391534       -6.3818941799
F                                                        666
        7.2708783069       -0.9034391534       -6.3818941799
F                                                        667
       10.0028783069       -3.6354391534       -9.1138941799
F                                                        668
        7.2708783069       -0.9034391534       -9.1138941799
F                                                        669
        7.2708783069       -3.6354391534       -3.6498941799
F                                                        670
       10.0028783069       -0.9034391534       -3.6498941799
F                                                        671
       10.0028783069       -3.6354391534       -0.9178941799
F                                                        672
        7.2708783069       -3.6354391534       -0.9178941799
F                                                        673
       10.0028783069       -0.9034391534       -0.9178941799
F                                                        674
        7.2708783069       -0.9034391534       -0.9178941799
F                                                        675
       10.0028783069       -3.6354391534       -3.6498941799
F                                                        676
        7.2708783069       -0.9034391534       -3.6498941799
F                                                        677
        7.2708783069       -3.6354391534        1.8141058201
F                                                        678
       10.0028783069       -0.9034391534        1.8141058201
F                                                        679
       10.0028783069       -3.6354391534        4.5461058201
F                                                        680
        7.2708783069       -3.6354391534        4.5461058201
F                                                        681
       10.0028783069       -0.9034391534        4.5461058201
F                                                        682
        7.2708783069       -0.9034391534        4.5461058201
F                                                        683
       10.0028783069       -3.6354391534        1.8141058201
F                                                        684
        7.2708783069       -0.9034391534        1.8141058201
F                                                        685
        7.2708783069       -3.6354391534        7.2781058201
F                                                        686
       10.0028783069       -0.9034391534        7.2781058201
F                                                        687
       10.0028783069       -3.6354391534       10.0101058201
F                                                        688
        7.2708783069       -3.6354391534       10.0101058201
F                                                        689
       10.0028783069       -0.9034391534       10.0101058201
F                                                        690
        7.2708783069       -0.9034391534       10.0101058201
F                                                        691
       10.0028783069       -3.6354391534        7.2781058201
F                                                        692
        7.2708783069       -0.9034391534        7.2781058201
F                                                        693
        7.2708783069        1.8285608466       -9.1138941799
F                                                        694
       10.0028783069        4.5605608466       -9.1138941799
F                                                        695
       10.0028783069        1.8285608466       -6.3818941799
F                                                        696
        7.2708783069        1.8285608466       -6.3818941799
F                                                        697
       10.0028783069        4.5605608466       -6.3818941799
F                                                        698
        7.2708783069        4.5605608466       -6.3818941799
F                                                        699
       10.0028783069        1.8285608466       -9.1138941799
F                                                        700
        7.2708783069        4.5605608466       -9.1138941799
F                                                        701
        7.2708783069        1.8285608466       -3.6498941799
F                                                        702
       10.0028783069        4.5605608466       -3.6498941799
F                                                        703
       10.0028783069        1.8285608466       -0.9178941799
F                                                        704
        7.2708783069        1.8285608466       -0.9178941799
F                                                        705
       10.0028783069        4.5605608466       -0.9178941799
F                                                        706
        7.2708783069        4.5605608466       -0.9178941799
F                                                        707
       10.0028783069        1.8285608466       -3.6498941799
F                                                        708
        7.2708783069        4.5605608466       -3.6498941799
F                                                        709
        7.2708783069        1.8285608466        1.8141058201
F                                                        710
       10.0028783069        4.5605608466        1.8141058201
F                                                        711
       10.0028783069        1.8285608466        4.5461058201
F                                                        712
        7.2708783069        1.8285608466        4.5461058201
F                                                        713
       10.0028783069        4.5605608466        4.5461058201
F                                                        714
        7.2708783069        4.5605608466        4.5461058201
F                                                        715
       10.0028783069        1.8285608466        1.8141058201
F                                                        716
        7.2708783069        4.5605608466        1.8141058201
F                                                        717
        7.2708783069        1.8285608466        7.2781058201
F                                                        718
       10.0028783069        4.5605608466        7.2781058201
F                                                        719
       10.0028783069        1.8285608466       10.0101058201
F                                                        720
        7.2708783069        1.8285608466       10.0101058201
F                                                        721
       10.0028783069        4.5605608466       10.0101058201
F                                                        722
        7.2708783069        4.5605608466       10.0101058201
F                                                        723
       10.0028783069        1.8285608466        7.2781058201
F                                                        724
        7.2708783069        4.5605608466        7.2781058201
F                                                        725
        7.2708783069        7.2925608466       -9.1138941799
F                                                        726
       10.0028783069       10.0245608466       -9.1138941799
F                                                        727
       10.0028783069        7.2925608466       -6.3818941799
F                                                        728
        7.2708783069        7.2925608466       -6.3818941799
F                                                        729
       10.0028783069       10.0245608466       -6.3818941799
F                                                        730
        7.2708783069       10.0245608466       -6.3818941799
F                                                        731
       10.0028783069        7.2925608466       -9.1138941799
F                                                        732
        7.2708783069       10.0245608466       -9.1138941799
F                                                        733
        7.2708783069        7.2925608466       -3.6498941799
F                                                        734
       10.0028783069       10.0245608466       -3.6498941799
F                                                        735
       10.0028783069        7.2925608466       -0.9178941799
F                                                        736
        7.2708783069        7.2925608466       -0.9178941799
F                                                        737
       10.0028783069       10.0245608466       -0.9178941799
F                                                        738
        7.2708783069       10.0245608466       -0.9178941799
F                                                        739
       10.0028783069        7.2925608466       -3.6498941799
F                                                        740
        7.2708783069       10.0245608466       -3.6498941799
F                                                        741
        7.2708783069        7.2925608466        1.8141058201
F                                                        742
       10.0028783069       10.0245608466        1.8141058201
F                                                        743
       10.0028783069        7.2925608466        4.5461058201
F                                                        744
        7.2708783069        7.2925608466        4.5461058201
F                                                        745
       10.0028783069       10.0245608466        4.5461058201
F                                                        746
        7.2708783069       10.0245608466        4.5461058201
F                                                        747
       10.0028783069        7.2925608466        1.8141058201
F                                                        748
        7.2708783069       10.0245608466        1.8141058201
F                                                        749
        7.2708783069        7.2925608466        7.2781058201
F                                                        750
       10.0028783069       10.0245608466        7.2781058201
F                                                        751
       10.0028783069        7.2925608466       10.0101058201
F                                                        752
        7.2708783069        7.2925608466       10.0101058201
F                                                        753
       10.0028783069       10.0245608466       10.0101058201
F                                                        754
        7.2708783069       10.0245608466       10.0101058201
F                                                        755
       10.0028783069        7.2925608466        7.2781058201
F                                                        756
        7.2708783069       10.0245608466        7.2781058201
